hltv_player_id,maps,label,avg_rating,avg_swing,avg_adr,avg_kd_log,total_kills,total_deaths,win_rate,kill_diff
21167,244,donk,0.9423852459016394,3.1115573770491802,96.44918032786885,0.2773870585675025,4873,3635,0.6680327868852459,1238
20363,45,joel,0.9216,1.9757777777777776,94.47555555555554,0.18074130763719332,873,716,0.6222222222222222,157
22547,23,4taylor,0.8999130434782608,2.528695652173913,90.89565217391304,0.11614158736165693,364,318,0.5652173913043478,46
24177,211,kyousuke,0.882739336492891,1.6548815165876778,90.12985781990523,0.15048062851699495,3822,3229,0.6398104265402843,593
11343,120,shipz,0.8776666666666666,1.0800000000000003,88.75333333333333,0.021816389603524732,2086,1951,0.5583333333333333,135
25008,38,m1te,0.8768684210526315,0.5326315789473683,87.15789473684211,-0.0625308877336721,626,601,0.4473684210526316,25
8311,490,nemanha,0.8676836734693878,1.2534285714285713,86.86020408163266,-0.006890753550831514,7768,7620,0.5183673469387755,148
19742,21,drac,0.8588571428571429,1.545238095238095,86.04285714285714,0.06308648866169501,349,312,0.5238095238095238,37
20429,26,crepow,0.854,-0.4030769230769231,81.9923076923077,-0.2554907095347189,358,432,0.11538461538461539,-74
16816,199,vsm,0.852748743718593,2.3546733668341706,86.23015075376884,0.21066099162122282,3448,2743,0.628140703517588,705
11893,274,zywoo,0.8523467153284672,3.6944890510948905,88.16313868613139,0.33613804013167004,5025,3558,0.6861313868613139,1467
15165,317,blamef,0.8523123028391167,1.7106940063091483,87.15299684542586,0.2227816750374224,5438,4220,0.5457413249211357,1218
11215,26,olga,0.8505,1.993846153846154,85.96923076923076,0.054181876172197635,415,376,0.46153846153846156,39
16647,43,bwills,0.8502558139534884,0.9532558139534882,85.61860465116278,0.10954803534007578,678,602,0.6511627906976745,76
23372,201,xkacpersky,0.842587064676617,0.6000000000000001,84.4542288557214,-0.03538022615005664,3284,3243,0.5074626865671642,41
19187,252,xfl0ud,0.8423373015873016,0.866547619047619,84.8015873015873,0.013140166236185816,3996,3864,0.5714285714285714,132
11847,32,texta,0.84121875,0.7546875000000001,84.540625,0.0638089285440921,526,480,0.4375,46
22429,31,teo,0.8404838709677419,1.5006451612903227,84.01612903225806,0.046964723693627676,488,448,0.45161290322580644,40
21452,231,kvem,0.8404761904761905,0.39558441558441565,84.8982683982684,0.04734266177067,3841,3512,0.48917748917748916,329
15914,107,luken,0.8389252336448598,1.7095327102803737,84.8392523364486,0.16868615672028145,1816,1479,0.5887850467289719,337
18638,36,sk0r,0.8376388888888889,0.9369444444444444,85.54722222222222,0.08512323894002265,644,574,0.4722222222222222,70
15203,197,reiko,0.8361624365482233,0.5456345177664974,85.26497461928935,0.029649489566669063,3313,3129,0.6243654822335025,184
21037,224,insani,0.8348526785714286,1.0344196428571428,83.74464285714285,0.0569879041211383,3518,3235,0.5089285714285714,283
21023,20,emstar,0.8347999999999999,1.31,82.78999999999999,-0.037381119122091466,298,306,0.4,-8
7938,273,xantares,0.8336153846153846,1.5027472527472527,85.33772893772894,0.10932732847415669,4602,4036,0.5714285714285714,566
18714,240,piriajr,0.8335583333333333,1.7515833333333333,85.27125,0.20070562044407186,4123,3297,0.575,826
20968,192,soulfly,0.8323333333333333,0.5611979166666666,83.89114583333334,0.010872728319497439,3130,3021,0.4479166666666667,109
17277,28,guidimon,0.8319285714285715,-0.5614285714285715,82.95,-0.019543682127442858,468,445,0.35714285714285715,23
22570,275,tomaszin,0.8303781818181818,1.587709090909091,83.08254545454545,0.10176410839276342,4580,4085,0.5672727272727273,495
22911,284,doc,0.8296866197183098,1.1837323943661973,84.83943661971831,0.0908290443289557,4789,4265,0.5845070422535211,524
22835,55,rekmeister,0.8296545454545454,1.051090909090909,83.60909090909091,0.03463953886286247,941,892,0.5636363636363636,49
20333,134,jeorge,0.8272164179104478,1.6936567164179106,83.44701492537313,0.11320449347352456,2050,1800,0.6492537313432836,250
8528,144,hobbit,0.8264444444444444,0.7643055555555556,83.50486111111111,0.11013864436360804,2286,2014,0.5763888888888888,272
19645,136,jamyoung,0.8264044117647059,1.5596323529411764,82.92941176470588,0.10875807594496369,2233,1953,0.5220588235294118,280
22326,319,kaide,0.8256238244514107,0.8067084639498432,83.53260188087775,0.04895712727598003,5159,4792,0.5047021943573667,367
8738,215,elige,0.823353488372093,0.9476279069767443,82.58651162790697,0.059867120035299606,3503,3223,0.5581395348837209,280
15821,90,neofrag,0.8227000000000001,0.013888888888888914,82.66222222222223,-0.040180024910132305,1433,1438,0.4111111111111111,-5
14744,50,calamity,0.82218,-0.22840000000000005,81.476,-0.11414916273651776,692,750,0.52,-58
21708,325,npl,0.8218338461538461,1.5268307692307692,82.79846153846154,0.10434065245210943,5339,4669,0.6030769230769231,670
22673,203,makazze,0.8216847290640393,1.110344827586207,84.0256157635468,0.04679060649526763,3225,3009,0.6502463054187192,216
23543,31,demente,0.8216129032258064,1.0612903225806452,81.14516129032258,0.08000551830318756,473,417,0.5161290322580645,56
17508,458,glowiing,0.821325327510917,0.25310043668122273,82.60327510917031,0.009321352013999617,7121,6932,0.519650655021834,189
24467,37,johan,0.8202162162162162,-0.6202702702702703,79.4108108108108,-0.031132835257956376,574,572,0.32432432432432434,2
18545,55,asap,0.8199636363636363,1.2890909090909093,82.08181818181818,0.06293312947390149,829,736,0.41818181818181815,93
4076,33,aerial,0.8195757575757575,-0.4136363636363637,80.65151515151516,-0.09990733165494882,497,538,0.24242424242424243,-41
20934,40,tender,0.819575,1.269,80.13250000000001,0.001645081922344909,662,630,0.4,32
3741,303,niko,0.8184191419141914,1.43993399339934,82.58745874587459,0.10918894270889598,4866,4291,0.6072607260726073,575
19808,250,tn1r,0.818192,1.0331199999999998,81.6136,0.09891766868844032,4196,3708,0.516,488
19086,92,pavv,0.8178695652173913,0.4730434782608695,81.62282608695652,-0.027138415103158346,1435,1427,0.40217391304347827,8
21286,55,mlhzin,0.8176727272727273,1.4174545454545455,84.37454545454545,0.0829838066901862,853,771,0.6545454545454545,82
8248,163,jkaem,0.8176503067484662,-0.24773006134969322,84.06073619631901,-0.05765531678545989,2524,2589,0.5644171779141104,-65
24283,121,cairne,0.8173223140495868,1.1710743801652892,81.9090909090909,0.08263722693363858,2048,1837,0.5950413223140496,211
23671,21,rayxts,0.8170476190476191,-0.16952380952380947,83.18095238095238,0.05577527821512903,345,317,0.5238095238095238,28
20253,281,dragon,0.8169003558718861,0.10619217081850532,83.00462633451957,0.03250811090247032,4542,4279,0.47330960854092524,263
22921,123,lake,0.8166991869918698,1.0195121951219512,82.60975609756098,0.004490070078591799,1934,1887,0.5772357723577236,47
18641,41,bibiahn,0.8165365853658537,0.09024390243902435,81.38780487804878,-0.01675855163984935,642,620,0.1951219512195122,22
21667,300,magnojez,0.8164833333333333,0.9084666666666668,82.03233333333334,0.02596916796901344,4811,4538,0.5933333333333334,273
15631,269,kscerato,0.8164609665427509,1.4142750929368029,81.35278810408923,0.1261746890067667,4147,3585,0.5613382899628253,562
19045,169,latto,0.8162485207100592,1.3907100591715977,81.68934911242603,0.18166677884590823,2720,2244,0.5798816568047337,476
16831,40,w1,0.813925,0.6024999999999999,81.3,0.07781080544523447,626,564,0.55,62
23192,39,kl1m,0.8127435897435897,2.0335897435897436,82.16923076923077,0.2133108532731832,639,511,0.5641025641025641,128
19972,82,ckzao,0.8119390243902438,0.833048780487805,81.59146341463415,0.02013906563948361,1298,1255,0.47560975609756095,43
19874,246,masval,0.8117154471544715,1.7336585365853658,80.769918699187,0.06730831016501161,4003,3652,0.540650406504065,351
19079,112,fruitcupx,0.8111339285714285,1.1163392857142858,81.27142857142857,0.07773439532582745,1821,1652,0.5982142857142857,169
23199,90,mason,0.809011111111111,0.3495555555555556,80.68555555555555,-0.015456403527396636,1394,1369,0.45555555555555555,25
24282,131,dawy,0.8072900763358778,0.2584732824427481,81.24809160305344,0.027162020921075027,2189,2062,0.5801526717557252,127
22471,330,xielo,0.8066,0.597,81.49757575757576,0.024044020530741388,5261,5023,0.5666666666666667,238
17510,37,j0lz,0.8065945945945946,0.24702702702702703,80.36216216216216,-0.016913201284887044,599,583,0.3783783783783784,16
22302,59,empathy,0.8065254237288135,-1.5118644067796612,78.25084745762712,-0.19397068030575965,857,989,0.23728813559322035,-132
17553,71,pesadelo,0.8065211267605633,0.6645070422535211,79.96760563380282,0.02233329315410285,1068,1025,0.5070422535211268,43
21705,39,n2o,0.8064615384615385,0.3228205128205129,82.88717948717948,0.0031745325306274997,632,631,0.5384615384615384,1
20309,344,bnox,0.8062383720930233,0.7843895348837209,80.98633720930232,0.02726612989422407,5364,5056,0.45930232558139533,308
20312,272,xertion,0.8060808823529412,0.5522794117647059,81.74816176470588,-0.006230699395180992,4263,4167,0.5882352941176471,96
20098,21,yuz,0.8059047619047619,-0.49142857142857144,78.31428571428572,-0.13365030168851305,325,364,0.2857142857142857,-39
22649,44,oneun1que,0.8058181818181819,0.04931818181818186,80.17954545454546,0.006831977915898881,688,656,0.5,32
22040,219,z1nny,0.8048949771689498,0.7626027397260273,79.9703196347032,-0.0054405227123573135,3381,3340,0.5342465753424658,41
21825,108,l1hang,0.804611111111111,0.15555555555555559,81.3787037037037,-0.05406735115532085,1599,1621,0.4537037037037037,-22
23136,71,zucar,0.8041267605633803,0.31239436619718314,79.64507042253521,-0.1037605049558189,1056,1110,0.4788732394366197,-54
14218,191,plopski,0.8036073298429319,0.45984293193717274,80.59214659685864,0.006429993706558553,2988,2895,0.5026178010471204,93
18865,231,dav1deus,0.8035411255411256,0.3284848484848485,81.17532467532467,-0.015602973322697378,3601,3516,0.4675324675324675,85
11140,155,ins,0.8027612903225806,0.8061935483870968,80.4116129032258,-0.03626161755364776,2353,2389,0.4838709677419355,-36
22918,30,zy,0.8025666666666667,1.5896666666666666,81.28666666666666,0.20105974744277863,492,401,0.5666666666666667,91
14619,66,infinite,0.8024545454545455,1.3095454545454543,80.08030303030303,0.0383046550728127,1054,963,0.5151515151515151,91
21109,41,ammar,0.8019268292682926,0.7892682926829269,79.61219512195122,0.10574166614020379,664,596,0.5609756097560976,68
9960,284,frozen,0.8011021126760564,1.1774295774647887,79.96232394366197,0.09706893485689173,4471,3985,0.5387323943661971,486
12731,252,sdy,0.800670634920635,0.2547619047619048,80.86150793650793,0.05633848963601462,3920,3601,0.5317460317460317,319
24173,224,tenzy,0.7998928571428571,0.6145982142857143,80.05133928571429,0.029981210524076467,3719,3530,0.5535714285714286,189
22333,88,miq,0.7995909090909091,1.012159090909091,81.3340909090909,0.0044564411537492046,1317,1271,0.5681818181818182,46
23031,49,swarmyzz,0.799469387755102,0.3014285714285714,77.58775510204082,-0.05598487912425109,723,742,0.42857142857142855,-19
21108,47,caleyy,0.7984680851063829,-0.05851063829787239,82.16382978723404,-0.015132458361072255,807,810,0.3829787234042553,-3
18214,110,nettik,0.798390909090909,0.429,79.38181818181818,0.0031952451268097,1684,1632,0.45454545454545453,52
17622,78,wolffe,0.7978205128205128,0.9432051282051283,79.5025641025641,0.050635174695951767,1222,1138,0.5384615384615384,84
10394,221,twistzz,0.797420814479638,1.124660633484163,79.85339366515836,0.09216492684860385,3472,3054,0.47058823529411764,418
7253,29,steel,0.7966551724137931,-0.32241379310344825,81.0758620689655,-0.024885058510564304,440,439,0.3793103448275862,1
9219,165,felps,0.7964484848484847,0.07793939393939393,81.7709090909091,0.015836675365943957,2584,2472,0.5636363636363636,112
25228,21,mazay,0.795952380952381,-0.20714285714285707,78.61428571428571,0.018295378349480654,322,312,0.42857142857142855,10
22203,246,krabeni,0.7959430894308943,0.6491869918699187,80.74837398373982,0.019724640217864253,3782,3697,0.6707317073170732,85
11617,227,malbsmd,0.7955242290748898,0.7477533039647577,80.05066079295155,0.009054271323075486,3511,3379,0.5770925110132159,132
16817,176,hardzao,0.7953749999999999,0.5555113636363637,80.47272727272728,0.06203999575921421,2744,2490,0.5454545454545454,254
9278,200,rez,0.79508,0.55915,79.539,0.01491749282559372,3093,2981,0.475,112
20761,274,launx,0.79507299270073,0.8638321167883212,79.73357664233576,0.034181965097994274,4478,4256,0.572992700729927,222
17181,239,naitte,0.795020920502092,0.1446443514644352,80.72008368200837,-0.04946653016083547,3552,3656,0.5146443514644351,-104
20447,188,heavygod,0.7949680851063831,1.5723936170212767,79.43085106382979,0.1206088543609819,2942,2550,0.5159574468085106,392
8711,132,sonic,0.7946818181818182,0.5428787878787878,79.41969696969697,-0.013136399953992793,1992,1949,0.5075757575757576,43
20119,180,nilo,0.793988888888889,1.3118888888888889,80.22888888888889,0.1333383234568876,3023,2609,0.5666666666666667,414
20709,342,r3salt,0.7939853801169591,0.6426608187134503,79.66286549707603,0.039795713769305116,5302,4953,0.5409356725146199,349
20254,139,starry,0.7938705035971223,0.5020143884892087,80.20071942446043,0.07549435367427244,2132,1927,0.5539568345323741,205
23690,68,tyra,0.7938382352941177,-0.8226470588235294,79.65441176470588,-0.1000040408110908,1001,1055,0.4264705882352941,-54
19230,287,m0nesy,0.7938153310104529,3.0169686411149828,81.94250871080139,0.27132550072462724,5057,3754,0.6167247386759582,1303
23458,84,laxiee,0.7932857142857143,0.33428571428571424,80.14404761904763,0.02020926882866959,1292,1219,0.5476190476190477,73
22279,287,pr,0.7932508710801394,0.8354355400696865,79.59895470383276,0.055652764690518476,4367,4097,0.5226480836236934,270
22383,165,jcobbb,0.7930727272727273,0.4459393939393939,79.43818181818182,0.009701103676856304,2601,2520,0.503030303030303,81
17293,42,porya,0.7929761904761905,-0.4604761904761905,79.2547619047619,-0.007790808591135443,641,614,0.42857142857142855,27
24527,45,jared,0.7926222222222222,-0.45600000000000007,78.29777777777778,-0.08440704120586132,664,692,0.4444444444444444,-28
20677,45,2high,0.7925555555555556,1.0373333333333332,78.24888888888889,0.049143130647368555,728,665,0.35555555555555557,63
17372,85,fang,0.7920235294117648,0.10517647058823527,79.61411764705882,-0.025436733890181102,1374,1357,0.4235294117647059,17
21888,71,thuister,0.791943661971831,-0.9350704225352112,78.51408450704226,-0.1702286885786913,980,1125,0.36619718309859156,-145
22777,127,diozera,0.7918897637795275,0.9003937007874016,79.3755905511811,0.025887702257906618,1928,1862,0.4881889763779528,66
25255,24,nikodeon,0.7918333333333334,0.3325000000000001,78.75416666666666,-0.03151740741198883,378,381,0.375,-3
24171,224,djon8,0.7916875,0.29901785714285717,79.55758928571429,-0.01176198311974653,3551,3424,0.40625,127
14176,123,misutaaa,0.7913414634146341,-0.08617886178861786,78.57479674796748,-0.005083855818995199,1920,1883,0.44715447154471544,37
10994,211,stavn,0.791260663507109,0.45042654028436013,80.31469194312797,0.008083491605415818,3223,3099,0.5071090047393365,124
23599,67,forkyz,0.7909402985074627,0.41910447761194025,78.75373134328358,-0.08511056127050996,980,1033,0.40298507462686567,-53
21062,302,matys,0.7907450331125828,0.7889072847682119,78.88079470198676,0.01769958515462806,4764,4531,0.5298013245033113,233
15698,169,dumau,0.7904674556213017,0.3773372781065089,80.23550295857987,0.052968723387455695,2626,2423,0.5798816568047337,203
17658,31,tenskee,0.789258064516129,-0.7541935483870968,78.7258064516129,0.008145233156550281,479,476,0.41935483870967744,3
15090,47,pwnalone,0.7887872340425532,0.7746808510638299,79.3531914893617,0.062142991070739166,760,689,0.40425531914893614,71
23635,46,h1ghness,0.7887826086956522,0.034347826086956565,79.17826086956521,0.005403236212686548,672,653,0.41304347826086957,19
19235,370,belchonokk,0.7886837837837838,0.47924324324324324,79.6481081081081,0.05549582124817156,5668,5286,0.5945945945945946,382
20903,280,senzu,0.7884785714285715,1.0985357142857144,80.43249999999999,0.10216982799205468,4545,4024,0.6107142857142858,521
24873,33,hambooga,0.7880303030303031,-0.2015151515151515,80.03333333333333,0.016618369675487122,504,471,0.48484848484848486,33
16847,22,mhl,0.7878181818181819,1.0413636363636363,80.40454545454546,0.11701185734441469,367,305,0.36363636363636365,62
17147,118,juanflatroo,0.7875932203389829,-0.21601694915254238,79.73898305084747,-0.05714633478885207,1892,1949,0.423728813559322,-57
17861,123,jota,0.7875121951219513,0.8076422764227642,79.29186991869918,0.06501972302470506,1830,1668,0.5447154471544715,162
10892,67,marke,0.7873880597014926,0.9732835820895521,77.8686567164179,0.07104013615355051,1015,942,0.4925373134328358,73
8503,77,fl0m,0.7872597402597402,0.1436363636363637,78.46103896103897,-0.06633437981763193,1113,1148,0.4675324675324675,-35
24950,35,aquars,0.7870857142857143,-0.49857142857142855,76.97142857142858,-0.08417418787581614,534,573,0.2857142857142857,-39
21120,45,jason,0.7867777777777778,-0.09066666666666665,79.86222222222223,0.0017686684402562836,702,681,0.5333333333333333,21
19064,171,spooke,0.7854035087719299,0.10087719298245616,79.3438596491228,0.008167665491444723,2727,2615,0.5730994152046783,112
14109,25,xotic,0.78532,2.3072000000000004,80.908,0.30031488494064623,432,319,0.76,113
24345,32,majesticzz,0.7851875,0.9137500000000001,78.234375,0.08021913896312288,455,415,0.53125,40
22794,72,drop,0.7847500000000001,0.7418055555555555,78.48333333333333,-0.027596629720243564,1119,1138,0.4861111111111111,-19
20578,33,arcade,0.7846363636363637,-0.020606060606060583,77.4030303030303,-0.11263916026315143,496,540,0.45454545454545453,-44
20625,196,banjo,0.7845510204081633,0.719030612244898,77.41581632653062,0.030800871404108865,2947,2793,0.4387755102040816,154
20394,253,luchov,0.7844624505928853,0.35541501976284584,78.92806324110671,-0.02815442796797024,3993,4013,0.5454545454545454,-20
12521,184,art,0.7843260869565217,0.3378260869565217,79.57663043478261,-0.06576176284291368,2585,2688,0.6358695652173914,-103
23402,76,cobrazera,0.7842236842105264,0.053289473684210546,77.66052631578947,-0.07995135192143252,1136,1187,0.4473684210526316,-51
21367,148,spirit,0.7838310810810811,0.3294594594594595,77.72972972972973,-0.049868803727563124,2271,2299,0.47297297297297297,-28
23457,71,zesta,0.7838309859154929,1.2090140845070423,78.69154929577465,0.031067079806086074,1086,1043,0.5915492957746479,43
21369,240,1nvisiblee,0.7837833333333334,-0.642,78.16791666666667,-0.1617959337313187,3552,4051,0.43333333333333335,-499
17145,326,rainwaker,0.7837576687116564,0.8837116564417177,78.3079754601227,0.05413826210941413,4973,4626,0.5306748466257669,347
21221,183,maxxkor,0.7834098360655738,1.8527322404371585,80.23715846994536,0.1659609655166969,2930,2419,0.5355191256830601,511
22842,136,kensizor,0.7833308823529412,0.08823529411764706,79.29705882352941,-0.0585659802719498,2058,2108,0.5808823529411765,-50
14759,235,im,0.7831617021276596,0.3915744680851064,79.64212765957447,0.012761862343970348,3541,3415,0.5872340425531914,126
20464,211,ewjerkz,0.7831469194312796,1.1581516587677725,78.05592417061611,0.0006822144965391302,3121,3026,0.5545023696682464,95
14929,266,jdc,0.7829135338345864,0.4093984962406015,78.65751879699249,-0.011739460340812798,4013,3999,0.45864661654135336,14
21363,75,shg,0.78276,0.32986666666666664,77.988,0.030092510254764962,1149,1096,0.5066666666666667,53
7998,86,s1mple,0.7815697674418605,1.768953488372093,80.44883720930233,0.1822426805980523,1458,1136,0.4883720930232558,322
13578,187,grim,0.7813636363636364,0.08550802139037435,78.58235294117647,0.0020977730661802187,2939,2855,0.48663101604278075,84
19763,161,boros,0.7811863354037267,-0.19987577639751547,79.54658385093168,-0.07623986904758048,2591,2655,0.4658385093167702,-64
19206,179,jl,0.7810279329608939,1.0062011173184358,78.18715083798882,0.07579850813820074,2719,2494,0.5921787709497207,225
23770,95,cronuss,0.7809368421052633,0.5782105263157895,79.51684210526317,-0.004138572695945696,1427,1414,0.6210526315789474,13
15176,127,cryptic,0.7808425196850394,-0.22251968503937,77.9496062992126,-0.08729399875583645,1835,1931,0.5275590551181102,-96
20417,376,anlelele,0.7808164893617021,0.5992021276595745,78.93297872340425,0.0019156938795543228,5749,5604,0.5718085106382979,145
9436,257,nertz,0.7808015564202334,0.4600389105058366,79.19105058365759,0.025632826871391706,3993,3747,0.5214007782101168,246
23541,103,tasman,0.7806019417475728,0.782621359223301,78.33495145631068,0.04635168772962622,1624,1505,0.4854368932038835,119
20793,39,austin,0.7805641025641026,-0.4174358974358975,78.11794871794872,-0.10716565457503312,552,584,0.41025641025641024,-32
22930,252,tex1y,0.780515873015873,0.9746825396825397,78.07301587301588,0.0642654992308374,3925,3587,0.5238095238095238,338
14990,31,keen,0.7803870967741936,0.33580645161290323,78.61935483870967,-0.040664382584260646,487,498,0.5806451612903226,-11
20878,236,adamb,0.780364406779661,1.2134322033898306,78.47033898305085,0.07846678873141855,3763,3438,0.5635593220338984,325
22423,75,clon7,0.7796133333333334,0.9290666666666666,77.88933333333333,0.09158881000132688,1158,1046,0.36,112
16080,296,dycha,0.7793277027027028,0.38449324324324324,78.11824324324324,-0.03940230056878107,4351,4390,0.527027027027027,-39
19846,57,clasia,0.7792807017543859,1.0682456140350878,78.1,0.11115775384911747,830,719,0.6140350877192983,111
24568,90,flouzer,0.7792555555555555,1.1873333333333334,78.42444444444445,0.02901089293120554,1407,1319,0.6444444444444445,88
18830,22,grave,0.7792272727272728,-0.82,78.10454545454546,0.03822209893277819,358,338,0.45454545454545453,20
22643,122,nifee,0.7792131147540984,1.0457377049180328,78.07868852459016,0.02428141634106271,1941,1850,0.6147540983606558,91
20522,245,gbb,0.7792081632653062,0.9587755102040817,78.42204081632654,0.047593876792715026,3755,3465,0.5673469387755102,290
20703,96,xerolte,0.779,0.0022916666666667022,77.8625,0.010413645563460581,1459,1408,0.4791666666666667,51
23902,70,fxre,0.7788142857142858,0.8772857142857143,76.45714285714286,0.1350030980084341,1066,939,0.5428571428571428,127
24048,92,slump,0.7787173913043478,0.8828260869565218,79.2663043478261,0.03529958496308993,1419,1336,0.532608695652174,83
12732,229,fl1t,0.7786026200873363,0.13676855895196505,79.08646288209607,0.03385522236158645,3387,3196,0.4759825327510917,191
25066,65,qx,0.7785692307692308,-0.43723076923076915,76.45846153846153,-0.20698955201977703,883,1041,0.2923076923076923,-158
23206,23,w4rden,0.7783043478260869,-1.222608695652174,75.80869565217391,-0.16648456220569366,342,373,0.34782608695652173,-31
23397,224,poiii,0.7782678571428571,0.2674553571428572,77.59508928571428,-0.048728866975222405,3526,3496,0.5133928571428571,30
23459,118,stressarn,0.7780847457627118,0.49991525423728816,78.57033898305085,0.09780679619055532,1915,1712,0.6016949152542372,203
20273,78,cajun,0.7776538461538461,-0.0796153846153846,78.1076923076923,-0.14315917826364125,1121,1273,0.5,-152
22063,25,hanka,0.77752,2.4544,79.324,0.14258236075058417,395,349,0.6,46
20183,219,decenty,0.7775068493150685,0.4775799086757991,79.28173515981736,0.11001364778428904,3513,3049,0.589041095890411,464
15204,64,vegi,0.777453125,-0.015625000000000014,77.3328125,-0.029725435348304997,985,974,0.34375,11
17353,121,cxzi,0.7773636363636364,-0.605702479338843,78.43305785123967,-0.09799540367968025,1751,1919,0.4628099173553719,-168
21159,261,bobeksde,0.7773256704980843,0.31731800766283524,77.90191570881227,-0.06352125185677815,4009,4197,0.5478927203065134,-188
19817,440,s0und,0.7767772727272727,0.14802272727272725,77.26113636363637,-0.02369021771858405,6882,6898,0.4431818181818182,-16
20563,264,lux,0.7767537878787878,0.6828030303030302,78.69621212121211,0.01406039073550861,3877,3772,0.6174242424242424,105
21165,172,m1key,0.776732558139535,0.37279069767441864,78.47325581395349,-0.03910336279214051,2629,2621,0.4941860465116279,8
23774,31,drowranger,0.776483870967742,-1.3341935483870968,76.43870967741935,-0.2385700541087694,445,538,0.2903225806451613,-93
21217,384,ryu,0.7764635416666666,1.0763020833333334,77.49453125000001,0.07170255596004414,6091,5564,0.4973958333333333,527
24089,46,tatu,0.7764565217391304,0.17956521739130438,76.46739130434783,-0.044576548862741185,694,713,0.3695652173913043,-19
16495,25,kory,0.7764399999999999,0.13319999999999996,77.49600000000001,-0.11812835245599572,378,410,0.4,-32
22886,55,xeedo,0.7762727272727272,0.27054545454545453,77.88727272727273,0.02826303307919497,835,806,0.6,29
24679,25,crisp,0.7759999999999999,1.0732,79.108,0.06098485727184947,410,366,0.44,44
23587,26,ltz,0.7755384615384616,-0.13730769230769233,76.74615384615385,-0.03412968912717066,392,381,0.4230769230769231,11
23295,265,kisserek,0.7753018867924529,0.8863396226415095,78.29169811320754,-0.018177347501429943,4022,4016,0.5471698113207547,6
19673,444,patsi,0.7744842342342342,-0.09349099099099102,78.43986486486487,-0.060565679975614316,6817,7093,0.527027027027027,-276
18697,138,oxygen,0.7742246376811595,0.817391304347826,76.95217391304348,-0.03248847507159386,2079,2089,0.5434782608695652,-10
21243,279,wicadia,0.7741469534050179,0.6004659498207885,78.13046594982079,0.009499463682372176,4490,4372,0.5663082437275986,118
20090,324,zyphon,0.7740185185185186,0.28953703703703704,77.74876543209876,-0.00816979091768193,4925,4845,0.4660493827160494,80
20207,212,raijin,0.774,-0.19599056603773585,77.18396226415095,-0.06679184814984421,3193,3281,0.41037735849056606,-88
20357,341,d1ledez,0.7739384164222874,0.8471554252199414,77.67478005865102,0.03285445852389256,5266,4960,0.5689149560117303,306
9254,241,mopoz,0.7733402489626556,0.5368464730290456,75.68921161825726,-0.05909282980373295,3639,3734,0.4979253112033195,-95
18987,235,b1t,0.7733063829787234,0.9540851063829787,77.80680851063829,0.08211110854304983,3652,3283,0.5872340425531914,369
20692,89,dea,0.773247191011236,1.3951685393258426,79.44831460674158,0.17351534651074946,1409,1164,0.5730337078651685,245
15072,76,nin9,0.7732236842105263,0.895921052631579,78.80131578947368,0.10551653920059005,1207,1061,0.4473684210526316,146
18119,39,cerber,0.773051282051282,0.016410256410256452,78.91282051282052,-0.04269877862969007,585,606,0.41025641025641024,-21
18717,194,lucaozy,0.7726443298969072,0.5146907216494845,79.33969072164949,0.04840594133760714,2912,2706,0.5773195876288659,206
22884,343,gr1ks,0.7725481049562681,1.6235568513119534,79.4466472303207,0.21793175547061966,6006,4657,0.521865889212828,1349
20941,115,buzz,0.7723913043478261,0.5365217391304348,77.74608695652174,0.02873530650475455,1795,1710,0.5478260869565217,85
24485,86,yiksrezo,0.7722209302325581,-0.1944186046511628,78.05581395348837,-4.697252499328699e-05,1387,1354,0.5348837209302325,33
7443,217,twist,0.7719078341013824,0.5995391705069124,76.76221198156682,-0.02183518390738636,3167,3167,0.543778801843318,0
11777,255,maden,0.7718745098039216,0.044588235294117665,78.07764705882353,-0.033392495797712814,3892,3921,0.4588235294117647,-29
22189,278,h4san4tor,0.7717877697841726,-0.5788489208633093,77.13309352517986,-0.10509797693115713,4001,4343,0.49640287769784175,-342
22069,107,grizz,0.7717383177570093,0.4807476635514019,77.35887850467289,0.008864179650530503,1643,1582,0.5887850467289719,61
21571,146,leakz,0.7716986301369864,0.09643835616438359,76.02876712328768,-0.07478693818468019,2096,2182,0.363013698630137,-86
20926,170,andu,0.7715176470588234,0.09070588235294119,76.92,-0.07736644927775706,2570,2678,0.5705882352941176,-108
21362,243,truniq,0.7713251028806584,0.12115226337448562,76.70205761316872,0.028383849875108558,3780,3568,0.4732510288065844,212
21385,73,mizu,0.7712054794520549,-0.22821917808219178,75.90821917808219,-0.1270894242276134,1049,1156,0.4794520547945205,-107
18221,251,spinx,0.7711832669322709,0.5687250996015937,78.38725099601594,0.11444682939018369,4015,3526,0.6055776892430279,489
16946,123,polt,0.7704715447154472,-0.7560975609756098,77.44878048780488,-0.03926913444652269,1822,1853,0.4715447154471545,-31
20330,70,jsfeltner,0.7702428571428571,-0.8552857142857143,77.60714285714286,-0.18397295963909865,954,1076,0.4142857142857143,-122
12102,57,djay,0.7702105263157895,-0.5333333333333333,76.5,-0.09155493846157561,815,853,0.5263157894736842,-38
20387,305,xant3r,0.7701344262295081,0.6942950819672131,76.68852459016394,-0.02793883019439164,4467,4548,0.5573770491803278,-81
20994,256,fl4mus,0.76994921875,0.5466796875000001,77.1625,-0.01682762183843222,3987,3941,0.56640625,46
22082,65,fokiu,0.7698153846153846,-0.3336923076923077,75.56615384615385,-0.1721971598890442,901,1035,0.4153846153846154,-134
19681,108,childking,0.7696666666666666,-0.38222222222222224,77.39722222222223,-0.049874646289524364,1637,1645,0.4537037037037037,-8
21169,163,righi,0.7695828220858896,0.08355828220858898,77.64601226993865,-0.03203109146550889,2435,2418,0.4723926380368098,17
23840,37,byek,0.7695675675675676,-0.09027027027027032,75.48108108108109,-0.07516265607312836,556,571,0.35135135135135137,-15
22062,25,vicu,0.76916,1.4952,80.14,0.14711694725988897,404,345,0.6,59
18090,40,micro,0.7691250000000001,-0.09175000000000011,77.94,-0.05332429496142297,641,656,0.4,-15
13497,329,lucky,0.7688632218844984,0.4356838905775076,77.11003039513677,0.019310099699005708,4909,4651,0.5501519756838906,258
22948,26,anber,0.7685000000000001,-0.6453846153846154,75.32692307692308,-0.06772127245663571,403,417,0.38461538461538464,-14
19617,61,amster,0.7682622950819672,0.8108196721311476,75.9655737704918,0.022437380463254143,940,892,0.5409836065573771,48
22695,421,sirah,0.7681947743467934,0.5490498812351544,77.39857482185273,0.061517449281678946,6504,6001,0.5629453681710214,503
19536,61,yami,0.7681803278688525,-0.4075409836065574,77.72786885245901,-0.061042577386017614,907,946,0.4098360655737705,-39
24083,79,mail09,0.7681772151898734,-0.22506329113924048,75.67341772151899,0.014126185672724223,1174,1127,0.4177215189873418,47
24951,35,triborgg1,0.7681142857142857,-0.7908571428571428,75.58571428571429,-0.12181412525927622,511,537,0.2857142857142857,-26
16814,190,danoco,0.7674894736842106,0.05542105263157893,76.70631578947369,-0.09203991911045903,2688,2837,0.5578947368421052,-149
20283,188,tomiko,0.7671702127659575,-0.4004255319148936,77.68617021276596,-0.008994178310527155,2965,2943,0.5159574468085106,22
20895,136,mercury,0.7667426470588236,0.05999999999999998,76.81323529411765,-0.0017634098080505432,2037,2014,0.5220588235294118,23
20389,21,drew,0.7666190476190476,-0.13380952380952382,74.38571428571429,-0.15128355353863845,304,324,0.42857142857142855,-20
17305,129,finigan,0.7664418604651162,-0.16844961240310077,77.87674418604651,0.00422797856721074,1976,1914,0.4806201550387597,62
21428,44,fury5k,0.7660227272727272,-0.43818181818181806,75.80227272727274,-0.14422011993016068,635,697,0.5227272727272727,-62
24556,123,tele,0.7660081300813008,-0.33788617886178857,76.34552845528455,-0.10903625307386418,1764,1915,0.43089430894308944,-151
23577,37,r2b2,0.7658648648648648,0.2856756756756757,75.33783783783784,-0.034566081747184355,515,508,0.4864864864864865,7
17504,82,kei,0.7657073170731707,0.48829268292682926,76.5548780487805,-0.05946470868756044,1198,1238,0.5365853658536586,-40
21555,42,cypress,0.7655238095238095,-0.6907142857142856,77.28571428571429,-0.03558992735067846,647,649,0.47619047619047616,-2
17028,184,abr,0.7654456521739131,0.49451086956521734,76.91304347826087,0.07202821153656451,2893,2648,0.41304347826086957,245
12553,269,yuurih,0.7654089219330855,0.4958364312267658,76.46802973977695,0.034630349274577935,3894,3663,0.5613382899628253,231
20112,321,alex666,0.7651682242990654,0.16246105919003115,76.80467289719626,0.00279055208336786,4775,4634,0.6043613707165109,141
20194,300,blitz,0.7649933333333333,0.2602,77.925,-0.010667806354068205,4399,4420,0.5933333333333334,-21
9216,210,coldzera,0.7648666666666666,1.0048571428571427,76.70476190476191,0.14325606886796,3229,2793,0.5333333333333333,436
19985,165,nacho,0.7648424242424242,0.6318787878787879,76.41333333333334,0.005439135473129112,2537,2467,0.49696969696969695,70
22860,218,avid,0.7647431192660551,0.3887155963302752,76.19999999999999,0.05136053562674764,3419,3141,0.5412844036697247,278
7808,31,freakazoid,0.7646774193548388,-1.9016129032258065,75.30000000000001,-0.274345467425645,430,528,0.4838709677419355,-98
10870,81,kabal,0.764641975308642,-0.24296296296296296,76.52716049382715,-0.028706388817680385,1150,1154,0.5679012345679012,-4
20787,97,pose1donn,0.7646288659793814,1.551237113402062,78.82061855670104,0.23822215287207726,1656,1282,0.4742268041237113,374
16771,21,lineko,0.7645238095238095,0.09857142857142856,75.99047619047619,-0.05926591924295729,289,300,0.47619047619047616,-11
9656,180,hadji,0.7636722222222223,-0.0074444444444444115,76.85222222222222,-0.011113318043381856,2736,2704,0.4666666666666667,32
22702,326,cej0t,0.7636687116564417,0.03748466257668713,76.61134969325153,-0.0323214992479875,4927,4975,0.50920245398773,-48
20475,47,neiter,0.7635957446808511,-1.553404255319149,75.73191489361702,-0.17732452686842848,669,736,0.2978723404255319,-67
17113,109,szejn,0.7633577981651376,-0.4277064220183486,75.89266055045871,-0.09049997124732162,1577,1674,0.43119266055045874,-97
18571,315,cypher,0.7632571428571429,0.3005079365079365,77.00888888888889,-0.04670863749342653,4694,4835,0.5904761904761905,-141
13317,86,aaron,0.7632558139534884,-0.5432558139534883,76.82441860465116,-0.06135742989816553,1274,1315,0.36046511627906974,-41
8520,224,naf,0.7632276785714286,0.07669642857142858,75.93348214285713,0.026987861203874357,3144,2982,0.5,162
25104,22,kunai,0.7631818181818182,-0.9504545454545453,73.86363636363636,-0.22338849044462555,301,353,0.36363636363636365,-52
20113,155,deko,0.7631483870967741,1.5483225806451613,77.96451612903226,0.1996821254432527,2532,2016,0.5290322580645161,516
11535,38,nooz,0.7630789473684211,-0.03999999999999998,75.91315789473684,-0.04843208135803909,578,581,0.47368421052631576,-3
18120,183,sinnopsyy,0.762967213114754,-0.8391803278688524,76.3327868852459,-0.14972486483507805,2552,2922,0.4644808743169399,-370
21170,273,koala,0.7628315018315018,1.5387179487179488,77.1025641025641,0.15889591122307098,4269,3588,0.5860805860805861,681
11816,307,ropz,0.7626807817589577,1.0470358306188925,77.21921824104234,0.16735381804130534,4933,4105,0.6514657980456026,828
20086,53,addict,0.7626415094339623,0.11037735849056601,75.20188679245283,0.0176187241679828,793,744,0.3584905660377358,49
23398,41,night666lade,0.7624390243902439,0.714390243902439,76.06585365853658,-0.02660035361182464,592,574,0.36585365853658536,18
11329,91,leo-drk,0.7620989010989011,-0.12164835164835161,77.05494505494505,-0.06539775821802588,1379,1435,0.4725274725274725,-56
20234,81,gabe,0.7620246913580248,0.37925925925925924,75.95555555555555,-0.017654435556768034,1231,1222,0.4691358024691358,9
12708,185,rigon,0.7619027027027027,-0.09902702702702705,76.68594594594595,-0.09379320629189611,2748,2946,0.5405405405405406,-198
23673,32,antuanette,0.761625,-1.1668749999999999,73.11875,-0.31471207409214524,360,458,0.125,-98
19537,38,cool4st,0.7615263157894736,1.2702631578947368,77.22105263157896,0.08789195915760821,625,554,0.4473684210526316,71
22361,301,jottaaa,0.7613720930232558,0.6394019933554818,76.79202657807309,0.032738117537001545,4696,4484,0.5813953488372093,212
18510,219,sugar,0.7611689497716895,0.6097716894977169,75.57899543378996,0.02913691251725958,3320,3127,0.4703196347031963,193
23685,196,zweih,0.7611581632653062,0.4901020408163265,75.98877551020408,-0.0008823689223569556,3072,3004,0.5663265306122449,68
18749,229,sausol,0.7609126637554585,-0.05537117903930129,77.28602620087337,0.016282858217570476,3570,3439,0.519650655021834,131
18554,161,tom1jed,0.7607142857142857,-0.0034782608695652093,76.51242236024845,-0.08922334853685226,2420,2529,0.4782608695652174,-109
15573,98,ciocardau,0.7606938775510205,-0.6103061224489795,75.64489795918367,-0.0383471298882547,1444,1481,0.37755102040816324,-37
23553,242,dziugss,0.760690082644628,1.2040082644628098,76.45289256198346,0.054052388706365806,3558,3338,0.6694214876033058,220
22927,248,executor,0.760491935483871,1.1773790322580646,75.55685483870967,0.051780490377150885,3671,3447,0.5282258064516129,224
19710,64,dare,0.76028125,-0.14531250000000004,77.2953125,-0.0749341620623735,950,1005,0.4375,-55
16718,65,fessor,0.7602461538461538,-0.19753846153846147,76.46923076923076,-0.12474337145121388,994,1077,0.4307692307692308,-83
20300,369,kraghen,0.7602357723577235,-0.18639566395663956,75.99051490514906,-0.06494078460421375,5484,5671,0.4986449864498645,-187
16599,164,swisher,0.7602256097560977,0.605609756097561,75.88231707317074,0.027369691200725813,2343,2284,0.5975609756097561,59
17003,129,snapy,0.7600697674418604,-0.653875968992248,75.9829457364341,-0.1777021610752354,1860,2131,0.4108527131782946,-271
798,191,oskar,0.7596963350785341,1.3131413612565446,78.66125654450262,0.14198323929071804,3196,2679,0.5078534031413613,517
21084,41,alexer,0.7596341463414634,0.2080487804878048,75.17073170731707,-0.03935869812367195,601,599,0.43902439024390244,2
22106,329,azuwu,0.7592310030395137,-0.3791489361702127,76.42188449848024,-0.05295352763531368,4975,5068,0.5015197568389058,-93
23391,46,fawx,0.7591304347826088,1.308478260869565,76.2195652173913,0.013620272413356106,737,692,0.2608695652173913,45
14736,191,dgt,0.7591204188481675,0.18476439790575916,76.91413612565445,0.05126908797545317,2859,2640,0.45549738219895286,219
12945,251,blytz,0.7590597609561753,-0.1546215139442231,76.0410358565737,-0.07023858711737359,3617,3806,0.42231075697211157,-189
22759,119,jocab,0.7590420168067227,-0.11806722689075631,76.5109243697479,-0.02906623689734183,1832,1854,0.47058823529411764,-22
19229,58,roux,0.7589137931034483,-0.7675862068965518,76.49655172413793,-0.09857201964874343,880,933,0.43103448275862066,-53
11532,43,zockie,0.7586511627906977,-2.820697674418605,71.24883720930232,-0.48173373139767456,414,645,0.06976744186046512,-231
21775,23,behindx,0.7585217391304349,-0.09608695652173921,74.2304347826087,-0.12539294721297498,338,375,0.30434782608695654,-37
20110,278,marix,0.7583884892086331,-0.01687050359712228,75.9906474820144,-0.03522984473197136,4039,4067,0.49640287769784175,-28
18761,81,viz,0.7582839506172839,0.08851851851851852,76.37654320987654,-0.036626759366228605,1187,1226,0.5679012345679012,-39
16497,34,tory,0.7580882352941176,-0.18676470588235286,76.81470588235294,-0.06716700564305086,461,466,0.5,-5
21398,59,controlez,0.7579491525423729,0.1598305084745762,76.20847457627119,-0.09501231704571532,859,905,0.3898305084745763,-46
21972,373,neityu,0.757941018766756,0.4661662198391421,75.75844504021448,0.016111370998792656,5478,5282,0.5495978552278821,196
8183,253,rain,0.7578379446640316,0.30940711462450593,75.95770750988142,-0.05968591591630223,3726,3872,0.549407114624506,-146
20637,225,b1elany,0.7578177777777777,0.5130222222222223,75.496,-0.024499237992399288,3269,3245,0.4222222222222222,24
22552,69,sandman,0.7577391304347826,-0.05637681159420294,76.13333333333333,-0.08125274202900999,993,1036,0.4782608695652174,-43
24242,45,chudy,0.7576222222222223,-0.09155555555555564,75.83777777777777,-0.08613061170989642,661,695,0.4444444444444444,-34
20686,183,suonko,0.7573497267759562,0.10349726775956285,76.87049180327868,-0.08083932735514349,2608,2744,0.5409836065573771,-136
23047,365,sdaim,0.7572876712328768,0.28912328767123285,75.80356164383562,-0.035046095339298616,5453,5543,0.5260273972602739,-90
22807,85,aragornn,0.7570470588235294,-0.2564705882352942,74.96235294117648,-0.11737923065572763,1228,1369,0.5294117647058824,-141
17384,155,vexite,0.7569806451612904,0.06096774193548387,75.40709677419355,-0.029348368197139967,2325,2343,0.4838709677419355,-18
23414,395,jackasmo,0.7568860759493672,-0.019063291139240487,75.80556962025317,0.0019477407096549426,5941,5770,0.5392405063291139,171
22181,177,urban0,0.7566553672316384,-0.42016949152542377,75.43163841807909,-0.06733816493167871,2588,2694,0.5254237288135594,-106
23684,55,relaxxie,0.7565454545454545,0.6838181818181818,75.44727272727273,0.05476267273564787,806,769,0.6,37
22176,44,bogemt,0.7564545454545454,-0.5220454545454546,74.93863636363636,-0.17448910137778986,637,728,0.29545454545454547,-91
21136,41,shr,0.756390243902439,-0.11097560975609753,75.41951219512195,-0.06843949967412616,622,647,0.5609756097560976,-25
10570,54,dzt,0.7561851851851851,0.36666666666666664,76.33148148148148,-0.014961823646645736,853,848,0.5370370370370371,5
20423,221,zont1x,0.7561764705882353,0.7023981900452488,76.09321266968325,0.04764018115004928,3128,2982,0.6923076923076923,146
19711,111,snav,0.7560990990990991,0.3555855855855856,75.13513513513513,-0.019729924573038037,1553,1562,0.5045045045045045,-9
20948,308,lov1kus,0.7560681818181818,-0.5184090909090909,76.45551948051948,0.02232079071415131,4599,4411,0.4837662337662338,188
16487,208,eraa,0.7560432692307693,0.9141346153846155,78.14567307692307,0.20322309675078018,3580,2855,0.5769230769230769,725
23551,191,tomate,0.7557329842931937,0.5945549738219895,76.07748691099476,0.11213233693231901,2870,2545,0.5392670157068062,325
16340,34,bizinha,0.7557058823529411,-0.993235294117647,74.56764705882354,-0.14047558247497605,440,479,0.35294117647058826,-39
19733,372,demqq,0.7556774193548388,0.7128763440860215,75.63306451612904,0.08089913402868704,5708,5193,0.5268817204301075,515
8918,220,electronic,0.7555636363636363,-0.7685909090909091,74.77863636363637,-0.10794873395360016,3112,3382,0.4636363636363636,-270
14932,359,faven,0.7555236768802228,0.45793871866295266,75.6941504178273,0.0560403900126074,5633,5194,0.5821727019498607,439
22929,287,nota,0.7555052264808363,0.6697560975609756,76.68675958188153,0.03869612798421952,4340,4112,0.6167247386759582,228
23302,269,bluewh1te,0.7554349442379181,-0.39635687732342006,74.94014869888477,-0.08891066229345636,3914,4208,0.4758364312267658,-294
23668,21,amsalem,0.7551904761904762,-1.061904761904762,76.14285714285714,-0.095920500983699,322,345,0.42857142857142855,-23
9521,83,dobu,0.7551566265060241,0.12469879518072291,74.48795180722891,-0.056292290278976524,1152,1196,0.5662650602409639,-44
19044,194,f1ku,0.7551237113402062,0.8328865979381443,75.15979381443299,-0.0041339895759039125,2838,2772,0.5463917525773195,66
3055,44,flusha,0.7551136363636364,-0.7213636363636364,72.63863636363637,-0.21362564472767695,587,708,0.4090909090909091,-121
18775,38,twenty3,0.7548421052631579,0.46657894736842104,75.41842105263159,0.025637139795472177,544,526,0.4473684210526316,18
9811,102,plessen,0.7546764705882353,-1.4915686274509803,75.65588235294118,-0.15948744129227843,1412,1599,0.39215686274509803,-187
21263,227,olimp,0.7546299559471366,0.7749339207048458,76.115859030837,-0.07471723161408136,3311,3500,0.6035242290748899,-189
16555,133,ax1le,0.7545112781954887,0.37661654135338346,75.75714285714287,-0.015692145908748758,1927,1950,0.5112781954887218,-23
15369,242,redstar,0.754314049586777,0.4606198347107438,76.19628099173553,0.1007152447447029,3750,3329,0.5041322314049587,421
20003,42,shadiy,0.7542857142857142,-0.18571428571428572,76.6595238095238,0.028718408008002738,645,605,0.47619047619047616,40
23771,95,oz1k,0.7540421052631578,1.5998947368421053,75.2,0.09364997056435667,1387,1264,0.6210526315789474,123
9136,52,brehze,0.7537115384615384,0.28096153846153843,75.0673076923077,-0.032260338865147224,727,732,0.5961538461538461,-5
22460,305,riskyb0b,0.7537016393442623,-0.09754098360655737,75.20557377049181,-0.05356780952604438,4399,4517,0.5573770491803278,-118
23046,365,jambo,0.753586301369863,1.2745753424657535,77.53287671232877,0.13000131170188334,5974,5070,0.5561643835616439,904
19594,245,nbqq,0.7535795918367347,-0.09926530612244898,75.48040816326531,-0.020863531654415672,3702,3685,0.4816326530612245,17
17132,183,leomonster,0.7534918032786886,-0.3137158469945355,76.52513661202185,-0.09293138537683146,2671,2862,0.5136612021857924,-191
22967,68,ogwizard,0.7534558823529411,0.6254411764705882,76.96176470588235,0.10263180896168234,1104,983,0.47058823529411764,121
20422,90,owner,0.7532777777777778,-0.48711111111111105,75.45222222222222,-0.04201976741321826,1354,1332,0.4,22
5794,273,tabsen,0.7532161172161173,-0.2993040293040293,74.48058608058608,-0.12969147326359717,3654,4095,0.45787545787545786,-441
16693,274,flamez,0.7530948905109489,1.008795620437956,75.46094890510949,0.019516565960751377,4108,3996,0.6861313868613139,112
24664,24,killerpandas,0.753,0.11041666666666677,78.45,0.05440119307447274,406,378,0.4166666666666667,28
19920,261,kair0n,0.7529003831417624,0.06406130268199231,76.06436781609194,-0.004621709801897265,3871,3795,0.5402298850574713,76
16432,167,manguss,0.752874251497006,-0.5004790419161677,74.46107784431138,-0.05697766032774759,2474,2538,0.46706586826347307,-64
20228,269,j3kie,0.7527026022304832,0.4113382899628253,75.76691449814126,-0.023589182761893614,4064,4069,0.5055762081784386,-5
16885,247,woro2k,0.7525668016194331,0.9395141700404859,78.66315789473684,0.11272605951808352,4093,3557,0.5060728744939271,536
21619,25,spud,0.75256,0.5988,73.692,-0.039998296035919034,364,367,0.48,-3
20879,192,maxster,0.7525572916666667,0.56484375,75.52552083333333,0.07157998447968464,3027,2714,0.5416666666666666,313
19114,111,kylar,0.7525135135135135,0.09675675675675673,74.47477477477479,-0.012806623238417348,1559,1528,0.45045045045045046,31
19823,69,dukefissura,0.7524492753623188,-0.7257971014492753,75.77826086956522,-0.08219819443893249,1039,1095,0.4927536231884058,-56
23140,156,krazy,0.7521282051282051,0.6225641025641026,75.75705128205128,0.03362156764063019,2466,2316,0.5064102564102564,150
21762,68,cso,0.7519705882352942,-0.16088235294117648,75.03382352941176,-0.08093281271050302,939,983,0.5147058823529411,-44
14010,194,zmb,0.7519329896907216,-0.2944329896907217,75.3520618556701,-0.07330414372238803,2730,2850,0.5051546391752577,-120
24332,150,matheos,0.7519133333333333,-0.7220666666666666,74.416,-0.12423500428808178,2188,2392,0.4066666666666667,-204
23106,64,viggo,0.751734375,-0.77171875,76.4546875,-0.1146937295935415,981,1057,0.328125,-76
17325,62,nolkz,0.7514354838709677,-1.0006451612903227,73.81935483870969,-0.15963078011609136,858,974,0.3709677419354839,-116
9911,148,kreaz,0.7513378378378378,-0.5418918918918919,75.87702702702703,-0.08103719349745454,2102,2188,0.49324324324324326,-86
22476,86,virtuoso,0.7511744186046512,-0.4695348837209303,73.97441860465116,-0.06787742935129461,1238,1280,0.3953488372093023,-42
10827,176,prt,0.7509318181818181,0.20732954545454546,74.47897727272726,-0.021358405161658354,2570,2606,0.4431818181818182,-36
20572,31,kmrn,0.7506451612903225,1.3993548387096775,76.30322580645162,0.037539461267098805,476,447,0.5483870967741935,29
19918,32,b1,0.750625,-0.49,75.246875,-0.043948812767055874,409,411,0.53125,-2
19290,65,voltera,0.7504307692307692,-0.9473846153846154,74.61692307692309,-0.14369175467532558,925,1031,0.36923076923076925,-106
22182,195,ksloks,0.7504102564102565,0.32261538461538464,75.17589743589743,0.014047471974255507,2901,2745,0.49743589743589745,156
24192,24,bezymecc,0.7501666666666668,0.23500000000000001,77.42916666666666,0.040843556312983705,357,342,0.4583333333333333,15
22126,108,nyezin,0.7498055555555555,0.01722222222222223,74.84537037037038,-0.03199741472526745,1529,1540,0.4444444444444444,-11
24716,45,cld,0.7496888888888888,-0.05177777777777774,73.99555555555555,0.02021734165517639,645,622,0.4222222222222222,23
21983,339,chr1zn,0.7494837758112094,0.12595870206489676,75.50058997050148,-0.05941820578146942,4952,5204,0.5722713864306784,-252
20402,218,synyx,0.7493807339449542,-0.12628440366972477,75.11238532110092,-0.002126118426631516,3417,3360,0.536697247706422,57
21651,44,kl1o,0.749340909090909,-0.7768181818181819,73.89772727272727,-0.1300599888612013,609,669,0.5,-60
9483,232,destiny,0.7493146551724138,0.37038793103448275,75.90948275862068,0.006169428376666973,3421,3359,0.5603448275862069,62
20197,181,faydett,0.7492099447513813,-0.48237569060773483,74.19447513812155,-0.06299050058074716,2577,2692,0.46408839779005523,-115
22135,133,peeping,0.7491954887218045,-0.022932330827067707,75.5233082706767,0.00016800110128010586,1960,1893,0.518796992481203,67
16314,130,pancc,0.7491153846153846,0.2999230769230769,75.38615384615385,0.034348111636865936,1920,1836,0.5384615384615384,84
16717,151,br0,0.749112582781457,0.2705298013245034,75.13443708609272,-0.0017385487463226165,2120,2085,0.6026490066225165,35
20958,205,bajmi,0.7490341463414634,0.3289756097560976,74.77414634146342,-0.02043102918226859,3026,3012,0.6,14
23681,21,forzetsky,0.748904761904762,-0.8714285714285714,73.1952380952381,-0.20095785899253502,299,328,0.2857142857142857,-29
22473,160,qlocuu,0.74886875,-0.05037499999999998,74.531875,-0.04490376433981239,2345,2402,0.4875,-57
21741,33,sacrifice,0.7486666666666667,1.0672727272727272,76.54848484848485,0.07978546127935761,508,459,0.5454545454545454,49
20584,246,dem0n,0.7485975609756098,1.0102439024390244,74.2650406504065,0.08952243766878326,3786,3410,0.6707317073170732,376
21395,21,terryyy,0.7485714285714286,-1.3057142857142858,74.9047619047619,-0.03843264126654096,311,312,0.3333333333333333,-1
20808,21,tiger,0.7484285714285714,1.4533333333333334,76.28095238095239,0.15361319442566615,371,306,0.47619047619047616,65
24146,56,lezy,0.7483214285714286,-0.4655357142857143,74.5,-0.09912461495341583,796,832,0.39285714285714285,-36
23429,31,ph1nnn,0.7481612903225807,-0.534516129032258,73.76774193548388,-0.18730695100913267,379,431,0.3548387096774194,-52
20278,39,short,0.748102564102564,0.351025641025641,75.96410256410256,-0.00033018659182059123,522,530,0.5641025641025641,-8
18141,272,biguzera,0.7479485294117647,0.3859926470588235,74.94264705882354,-0.052188279810770274,3795,3934,0.5477941176470589,-139
18790,145,cacanito,0.7478827586206896,-0.9915862068965517,75.97862068965517,-0.07874183912638823,2120,2228,0.5241379310344828,-108
19173,25,fnk,0.74788,-0.814,73.66,-0.14297990592117762,347,390,0.36,-43
9766,308,hampus,0.7478409090909092,-0.10483766233766235,75.73766233766234,-0.09707645848088814,4421,4751,0.5584415584415584,-330
20451,202,abizz,0.7478019801980199,0.5138118811881188,74.6009900990099,-0.05032397622642585,2994,3066,0.5,-72
21971,47,brooxsy,0.7477234042553191,-0.44425531914893623,74.64468085106384,-0.08161297067408652,691,735,0.5531914893617021,-44
19123,25,arias,0.74772,-0.8644,74.116,-0.14422162495104646,384,431,0.44,-47
21630,145,pipw,0.747696551724138,0.034620689655172406,73.88689655172413,-0.05827832674856613,2179,2221,0.47586206896551725,-42
24123,27,sideffect,0.7476666666666667,-1.0525925925925927,73.03333333333333,-0.17112538692061335,395,447,0.5555555555555556,-52
20378,84,honda,0.7476666666666667,0.16190476190476194,75.21785714285714,-0.002900446038697937,1331,1267,0.38095238095238093,64
14394,139,tuurtle,0.7472949640287769,-0.2858273381294964,74.13309352517986,-0.08632741510275595,1880,2006,0.49640287769784175,-126
21921,285,rdnzao,0.7471333333333333,0.3195087719298246,75.23719298245614,0.01723782448974187,4274,4117,0.5824561403508772,157
22956,79,lash,0.7471139240506329,2.12,75.4,0.11202743507917792,1199,1044,0.43037974683544306,155
20122,161,freeze,0.7468819875776398,-1.3593167701863353,74.20559006211181,-0.22705287120570516,2134,2582,0.43478260869565216,-448
19738,257,djoko,0.7466575875486381,-0.3645525291828794,74.8260700389105,-0.057375807561311845,3853,3980,0.5719844357976653,-127
9220,92,shoowtime,0.7461086956521739,-0.8677173913043478,73.65,-0.16831927493621876,1238,1440,0.4782608695652174,-202
22703,140,moonwalk,0.7458214285714285,0.9137142857142857,73.93571428571428,-0.04233575611965291,2068,2105,0.7,-37
16920,244,sh1ro,0.7457909836065574,2.1798770491803277,77.55860655737705,0.32817454348515673,4129,2941,0.6680327868852459,1188
20304,245,staehr,0.7457551020408164,0.14404081632653062,74.36408163265307,-0.0347210936960502,3559,3584,0.5061224489795918,-25
19869,136,try,0.7457058823529411,1.5941911764705883,76.85882352941177,0.20907219276544892,2269,1783,0.5955882352941176,486
22564,219,noway,0.7455433789954338,0.3281278538812786,75.41004566210046,0.0238133403230359,3229,3054,0.6118721461187214,175
13229,35,snakes,0.7454571428571429,0.8928571428571429,73.64571428571428,-0.02240291732426716,521,512,0.42857142857142855,9
23007,34,pain,0.7453235294117647,0.09735294117647056,76.57352941176471,0.04923004551139202,545,490,0.4411764705882353,55
12004,469,clax,0.7451385927505331,0.5752665245202558,74.16396588486141,0.04775904749366349,7153,6682,0.5330490405117271,471
18979,218,prism,0.7451330275229358,-0.4658715596330275,74.4348623853211,-0.11028205025991096,3059,3361,0.4954128440366973,-302
22076,192,aw,0.744796875,-0.1096354166666667,74.31197916666666,-0.003668301326833972,2817,2735,0.5260416666666666,82
18706,103,freshie,0.7447766990291262,-0.17796116504854367,74.6378640776699,-0.0425085501552536,1500,1492,0.5145631067961165,8
14148,231,sjuush,0.7447575757575757,0.18588744588744588,74.78484848484848,-0.03332356268490893,3267,3298,0.5541125541125541,-31
20425,190,r1nkle,0.7447157894736842,0.649578947368421,76.52315789473684,0.15391687169247809,3074,2563,0.49473684210526314,511
21272,25,tak,0.74464,-0.4716,74.06,-0.12547898952360875,357,378,0.36,-21
23318,24,rinn,0.7444166666666666,-0.8908333333333333,74.22916666666667,-0.08663966041101988,308,332,0.375,-24
1646,34,zaaz,0.7444117647058823,-0.8323529411764706,75.33529411764707,-0.1500247280752617,464,497,0.47058823529411764,-33
11940,192,nealan,0.7444062499999999,-0.30046875,74.0203125,-0.09531865445397131,2732,2924,0.5052083333333334,-192
19703,274,ryujin,0.7443978102189781,0.11649635036496352,74.22664233576641,-0.04985197112804215,4105,4173,0.4562043795620438,-68
7398,109,dupreeh,0.7443577981651377,-0.3855963302752294,75.1137614678899,-0.029000597911987985,1644,1644,0.4036697247706422,0
11739,210,shz,0.7440904761904761,0.22195238095238093,74.58571428571429,-0.006280775521357018,3023,2907,0.5380952380952381,116
25033,29,cr1a,0.7433793103448276,-1.923103448275862,72.78620689655173,-0.12222183742049832,396,440,0.20689655172413793,-44
22362,187,xureba,0.7433101604278075,0.38946524064171123,74.62727272727273,0.045664056605119976,2719,2570,0.5561497326203209,149
24772,113,nardes,0.743212389380531,1.3541592920353984,75.57345132743362,0.12697204281823593,1742,1501,0.4336283185840708,241
20301,204,tauson,0.7431470588235294,0.17715686274509804,74.43382352941177,0.009662319685267233,3020,2913,0.5392156862745098,107
13843,345,lucky,0.742927536231884,0.9965217391304348,74.96202898550725,0.1041116562916647,5279,4621,0.4782608695652174,658
14799,79,brett,0.7429113924050632,-1.1559493670886074,73.8,-0.18040851527856325,1096,1281,0.4810126582278481,-185
21100,96,zede,0.7428854166666667,-0.05739583333333335,74.41875,0.016411679452372856,1422,1371,0.4791666666666667,51
8488,276,zedko,0.7427572463768116,-0.00670289855072463,74.25108695652173,-0.06024738582911035,4145,4234,0.4601449275362319,-89
13230,91,motm,0.7427472527472528,0.15120879120879116,74.57582417582417,0.00689006472036335,1284,1241,0.6043956043956044,43
21621,112,moseyuh,0.7427053571428571,0.41500000000000004,74.41607142857143,0.020453104443373858,1692,1618,0.5535714285714286,74
18850,272,jimpphat,0.7424889705882353,1.2641911764705882,74.54301470588236,0.10033679996836867,4039,3603,0.5882352941176471,436
21431,280,sstinix,0.7423964285714286,-0.15089285714285713,74.57249999999999,-0.014952850959005845,4044,4040,0.5,4
13915,221,yekindar,0.7423167420814479,-0.40579185520361993,74.51855203619908,-0.09008646544709299,3121,3341,0.583710407239819,-220
23762,88,z1k4,0.7422159090909091,1.8748863636363637,76.69772727272726,0.18073280832446664,1464,1168,0.6590909090909091,296
16551,171,westmelon,0.7421812865497076,-0.34,74.31988304093568,-0.07552735497506355,2424,2551,0.49707602339181284,-127
17288,34,izaa,0.7421764705882353,-0.9141176470588235,73.6970588235294,-0.2494083235069952,442,527,0.35294117647058826,-85
20593,47,airax,0.7414468085106383,-1.3338297872340426,72.2,-0.2896418945659543,605,767,0.23404255319148937,-162
23961,58,legy,0.7413965517241379,-0.9779310344827586,73.34482758620689,-0.16519149394635022,808,934,0.3103448275862069,-126
16893,31,stamina,0.7413870967741936,1.125483870967742,74.76129032258065,0.03542634053329739,474,459,0.5806451612903226,15
16971,22,zewts,0.7413181818181819,0.16272727272727272,74.77727272727272,-0.029020428523567808,333,338,0.45454545454545453,-5
21665,164,jba,0.741298780487805,0.18231707317073173,74.32439024390244,0.05216900913380598,2441,2273,0.5365853658536586,168
15385,31,kaluber,0.741258064516129,-0.3577419354838709,73.7709677419355,-0.1278485557962793,449,476,0.3548387096774194,-27
22613,221,huasopeek,0.7409954751131221,0.300316742081448,73.71357466063348,-0.004610341286484697,3186,3119,0.5339366515837104,67
20690,244,zock,0.7409057377049181,0.12040983606557372,75.19754098360656,-0.013025798781912916,3532,3526,0.5655737704918032,6
21163,100,susp,0.74087,-0.6034,73.497,-0.14480101801056905,1366,1509,0.51,-143
16147,266,cptkurtka023,0.7408007518796993,0.0066165413533834745,74.23157894736842,-0.08677107811249171,3895,4119,0.5902255639097744,-224
24243,45,nami,0.7407777777777778,-0.47200000000000003,75.19555555555556,-0.12029607694443527,621,673,0.4444444444444444,-52
12027,164,krad,0.7404756097560976,-0.3520731707317073,73.38963414634146,-0.11120116684111708,2253,2451,0.524390243902439,-198
18744,171,z4kr,0.7404327485380118,1.3066666666666666,75.6391812865497,0.11846957977753735,2642,2279,0.49707602339181284,363
21288,226,venomzera,0.7403628318584071,1.020486725663717,74.24778761061947,0.0062616901641799885,3302,3201,0.5398230088495575,101
23628,183,kusme,0.740344262295082,-0.44863387978142083,72.8431693989071,-0.09919569243368767,2580,2756,0.453551912568306,-176
22474,54,polo,0.7402592592592592,0.6572222222222223,75.44444444444444,0.039729099205741844,816,771,0.42592592592592593,45
20607,224,buda,0.7402142857142857,0.13392857142857145,73.24151785714285,-0.05949082134085435,3139,3179,0.5401785714285714,-40
22008,48,swiz,0.7402083333333334,-0.6749999999999999,74.33333333333333,-0.04769214823688863,721,743,0.4583333333333333,-22
22325,251,sowalio,0.7399760956175299,0.15745019920318726,73.76613545816733,-0.013564340681302255,3602,3593,0.4940239043824701,9
20026,164,chayjesus,0.7399390243902438,0.38347560975609757,74.38231707317074,0.05475386007089351,2387,2219,0.6646341463414634,168
8605,80,somebody,0.739925,0.22287500000000002,74.42625000000001,-0.06648196472511957,1107,1162,0.475,-55
24863,125,timo,0.73988,0.19776,74.328,-0.04841947529608274,1877,1950,0.608,-73
16726,195,phzy,0.739651282051282,1.644923076923077,75.95384615384616,0.16017491931014025,3029,2526,0.558974358974359,503
21447,49,xdeniszera,0.7391632653061224,-0.1263265306122449,75.41224489795918,0.03472805113378467,719,682,0.40816326530612246,37
14956,31,yourwombat,0.7389677419354839,0.4309677419354839,74.12258064516129,-0.06944123724984076,431,447,0.41935483870967744,-16
14494,146,junior,0.7388150684931507,1.459931506849315,76.77876712328768,0.1828446554985509,2216,1819,0.5684931506849316,397
20405,32,amc,0.73871875,-0.318125,76.2,-0.0015289683711189887,456,442,0.53125,14
20872,60,nexius,0.7385166666666667,-0.3988333333333334,74.18,-0.12025875201803264,869,953,0.45,-84
20349,87,casey,0.7383448275862069,-0.6202298850574712,74.12413793103448,-0.12501880641560686,1229,1376,0.4482758620689655,-147
14419,71,roej,0.7383380281690141,0.267887323943662,73.8,-0.045271875602778414,1053,1060,0.43661971830985913,-7
19698,111,adams,0.7381531531531532,-0.7703603603603604,73.65225225225225,-0.050373749498610086,1615,1654,0.45045045045045046,-39
19592,325,headtr1ck,0.7381169230769231,0.894523076923077,75.99230769230769,0.16588078146063873,5138,4231,0.5969230769230769,907
8566,35,lucas1,0.7379428571428571,-0.04428571428571423,73.05714285714286,-0.08294150449557523,446,481,0.34285714285714286,-35
18894,72,t9rnay,0.7378194444444444,0.5051388888888888,73.74027777777778,-0.02007875764058563,1007,1017,0.4722222222222222,-10
23672,35,dylan,0.7378,-0.2877142857142857,72.20571428571428,-0.14231581634817622,491,538,0.42857142857142855,-47
19761,22,dementor,0.7376818181818181,-1.1181818181818182,72.36363636363636,-0.17368885256080321,324,387,0.18181818181818182,-63
7592,232,device,0.7373232758620689,0.7258189655172415,75.38405172413792,0.11819673413443386,3558,3085,0.5129310344827587,473
14737,185,meyern,0.7373027027027027,0.28643243243243244,73.96594594594595,0.03676297829219597,2773,2596,0.5027027027027027,177
20564,109,d4rty,0.7372935779816513,0.5394495412844036,73.55045871559633,-0.01670843139994029,1591,1580,0.5871559633027523,11
24203,104,jorko,0.7372500000000001,1.6646153846153846,75.65,0.11857391664753042,1660,1426,0.4807692307692308,234
12290,129,perx,0.736875968992248,0.5771317829457364,72.9108527131783,0.019021135529707082,1809,1750,0.46511627906976744,59
22421,64,rainny,0.7366875,-0.64671875,74.3578125,-0.021901685658381638,945,948,0.46875,-3
24176,228,mokuj1n,0.7365482456140351,0.6399999999999999,74.42850877192983,0.010251595420551315,3309,3200,0.5921052631578947,109
13249,84,osee,0.736452380952381,1.3572619047619048,74.57857142857144,0.1566660008691962,1233,1042,0.6071428571428571,191
8324,54,morelz,0.7363518518518518,-1.164259259259259,73.36666666666667,-0.15508057281496598,745,848,0.4074074074074074,-103
20521,84,alisson,0.7361428571428571,0.16797619047619047,74.5202380952381,0.028321372542633175,1265,1180,0.5119047619047619,85
20282,234,krasnal,0.7360427350427351,-0.22649572649572652,73.77905982905983,-0.04705987574601992,3371,3486,0.5213675213675214,-115
16029,337,heap,0.7358635014836795,-0.04528189910979228,73.93026706231454,-0.037087943406553386,5037,5051,0.42729970326409494,-14
20157,21,lub,0.7355714285714287,-1.487142857142857,76.95238095238095,-0.10678375436732408,291,316,0.42857142857142855,-25
22878,90,senka,0.7355222222222223,-1.0962222222222222,71.53333333333333,-0.18888160691168462,1173,1367,0.6444444444444445,-194
21386,50,lampada,0.7354600000000001,-1.1312,71.524,-0.10751835721382358,685,742,0.38,-57
24558,59,maaxg1,0.7354406779661017,-0.7289830508474576,72.54406779661018,-0.06375335034443418,815,833,0.3559322033898305,-18
20104,158,s1n,0.7353481012658228,0.1587974683544304,73.56202531645569,0.03422732271943423,2189,2117,0.6012658227848101,72
22368,37,max,0.7353243243243244,-1.454864864864865,75.17837837837837,-0.07424322801521703,486,502,0.5945945945945946,-16
24725,48,qw1nk1,0.7350208333333333,-0.21958333333333338,73.41875,-0.06321051657447647,656,689,0.625,-33
21784,356,simke,0.7347865168539326,-0.010561797752808988,73.44719101123596,-0.06064135508450924,5220,5458,0.5196629213483146,-238
19705,110,chop,0.7343636363636363,0.4084545454545454,73.45272727272727,0.027801182962296566,1564,1480,0.6,84
21779,360,nut-nut,0.7342972222222222,0.6194166666666666,72.41361111111111,0.020559647990503697,5300,5019,0.5777777777777777,281
23085,41,magic,0.7340487804878049,-0.3882926829268292,73.39756097560976,-0.10748193892254757,541,590,0.36585365853658536,-49
22969,37,misha,0.7339729729729729,-0.6802702702702703,72.54324324324324,-0.11586000414044331,544,601,0.5405405405405406,-57
24295,23,redi,0.7339565217391304,-0.6208695652173912,72.6304347826087,-0.15692203782821165,312,352,0.391304347826087,-40
21001,300,mzinho,0.73393,0.26963333333333334,73.53533333333333,-0.027838560772545484,4405,4449,0.5933333333333334,-44
23665,24,r3lifwow,0.7339166666666667,0.36500000000000005,72.25416666666666,-0.14706467393344444,301,338,0.375,-37
23767,60,adrien,0.73375,-0.47416666666666674,74.44666666666667,-0.06876635807801283,858,881,0.43333333333333335,-23
19133,20,rossi,0.7335499999999999,-0.4405,72.41499999999999,-0.18122436754140886,270,318,0.35,-48
12810,437,shock,0.7335491990846681,0.44679633867276886,72.65720823798627,-0.0005422433460128726,6460,6287,0.5217391304347826,173
24749,124,guty,0.733524193548387,-0.4505645161290323,72.03064516129032,-0.1451358257999561,1722,1916,0.46774193548387094,-194
19899,255,krimbo,0.7335019607843137,0.7967058823529412,73.34156862745097,0.07773971712159275,3686,3333,0.4588235294117647,353
20229,315,moriisko,0.7334888888888889,-0.3613015873015873,72.98158730158731,-0.10608075385665984,4491,4807,0.49206349206349204,-316
22364,154,j0w,0.7334675324675324,-0.35746753246753243,72.12792207792208,-0.13307079376337153,2127,2369,0.3961038961038961,-242
21213,91,ersin,0.7332307692307692,-0.49681318681318676,72.71978021978022,-0.10475615544261278,1279,1398,0.34065934065934067,-119
3849,296,jw,0.7331351351351352,0.31462837837837837,74.98682432432432,-0.01924475512133556,4481,4404,0.4594594594594595,77
21284,220,happ,0.7330818181818182,0.05768181818181819,73.73045454545455,0.033340474711491395,3163,2995,0.4863636363636364,168
9115,97,dexter,0.7330721649484536,-0.3959793814432989,73.61134020618557,-0.16773798481780422,1375,1531,0.4845360824742268,-156
17116,264,ragga,0.7329772727272728,-0.27742424242424246,73.22386363636363,-0.09944619040267577,3858,4188,0.4583333333333333,-330
18456,60,fostar,0.7327166666666667,-0.22716666666666666,72.95,-0.09412665528756885,815,872,0.48333333333333334,-57
16723,384,cabbi,0.732703125,-0.31979166666666664,73.934375,-0.06620724248657552,5628,5804,0.4817708333333333,-176
7687,89,nitr0,0.7326741573033708,0.8414606741573034,73.4314606741573,0.047299411076065966,1213,1140,0.6966292134831461,73
22864,228,robo,0.7325877192982456,-0.47092105263157896,74.30438596491229,-0.07068951699129838,3269,3431,0.5921052631578947,-162
18240,270,smash,0.7325666666666667,0.26092592592592595,72.7,-0.045128061499042575,3772,3864,0.5037037037037037,-92
18838,120,hext,0.7324,0.9746666666666666,73.17,0.027296397237805504,1609,1547,0.6666666666666666,62
23150,119,rzk,0.7323865546218488,-0.5435294117647059,71.97394957983192,-0.1346135398909846,1647,1837,0.4789915966386555,-190
15569,245,sapec,0.7320938775510204,-0.10359183673469385,72.90163265306123,-0.09075969557964485,3555,3793,0.46938775510204084,-238
17039,58,deco,0.7318793103448276,0.23189655172413798,72.78103448275863,-0.07167052558647755,807,853,0.4482758620689655,-46
20244,26,savage,0.7318076923076924,0.04500000000000007,72.0,0.03097378491268051,362,360,0.5769230769230769,2
13287,141,bnc,0.7315602836879433,-0.4205673758865248,73.5836879432624,-0.1041974237877665,1993,2157,0.524822695035461,-164
22880,202,m1quse,0.731539603960396,-0.5611881188118811,72.71881188118812,-0.07476967738382088,2843,2996,0.5445544554455446,-153
15060,43,neuz,0.7313953488372092,-0.6393023255813953,72.84186046511627,-0.09990250198318626,638,694,0.4186046511627907,-56
21800,40,poppins,0.731325,-1.5015,72.8125,-0.2635425644293167,507,622,0.35,-115
19236,352,kensi,0.7312386363636364,-0.8504545454545455,74.27414772727273,-0.07258837940104258,5013,5258,0.53125,-245
284,40,jackz,0.73115,0.7332500000000001,72.7825,0.031582716566606064,586,553,0.475,33
20085,281,kauez,0.7311423487544484,0.47145907473309606,74.05124555160143,-0.005592079979864313,4022,4014,0.604982206405694,8
20782,55,goody,0.7311090909090909,-1.1843636363636363,73.16909090909091,-0.08217451454090886,820,860,0.4,-40
16865,25,magic,0.7310800000000001,-2.4748,72.976,-0.17761462277494064,348,407,0.4,-59
22680,57,polbandana,0.7310526315789474,-0.03666666666666663,73.50350877192982,-0.06551502527198969,813,818,0.5087719298245614,-5
19015,156,bymas,0.7308525641025642,0.28564102564102567,73.65448717948718,0.041895780198476174,2287,2147,0.5384615384615384,140
11942,114,buster,0.7307807017543859,-0.5089473684210527,72.32543859649122,-0.043044131910640576,1603,1605,0.47368421052631576,-2
12872,27,apocdud,0.7307777777777777,0.44703703703703696,71.97777777777777,-0.051258528440807756,384,398,0.4444444444444444,-14
20689,92,hezz,0.7307065217391304,-0.4509782608695652,73.20652173913044,-0.08095528290381834,1316,1394,0.40217391304347827,-78
20358,310,volt,0.7307032258064516,0.3736451612903226,72.52967741935484,-0.03975163517707632,4459,4550,0.5548387096774193,-91
22535,86,dwushka,0.7305348837209302,-0.4403488372093023,72.59883720930233,-0.029008833357645678,1237,1254,0.43023255813953487,-17
20084,131,togs,0.730381679389313,-0.2261832061068702,74.07786259541986,0.05139272468092911,2003,1838,0.5190839694656488,165
20531,38,abm,0.7303157894736841,-1.2876315789473685,70.93947368421053,-0.2822133186809386,473,598,0.2894736842105263,-125
21715,233,flayy,0.7301716738197425,1.5539484978540772,74.12489270386266,0.1437715381686302,3787,3190,0.4678111587982833,597
19815,250,dytor,0.729912,-0.016879999999999985,72.5408,-0.02605351923518676,3658,3620,0.484,38
24457,31,xelex,0.7297741935483871,-0.6490322580645161,72.92258064516129,-0.036675463578027256,469,485,0.3225806451612903,-16
22280,151,majky,0.7296556291390728,-1.0635761589403974,72.87615894039735,-0.1411740523231017,2138,2408,0.5298013245033113,-270
24672,59,fakerealityy,0.7296101694915254,-1.5613559322033899,70.8271186440678,-0.24982982118600972,774,936,0.23728813559322035,-162
17918,132,nosrac,0.7296060606060607,-0.24818181818181823,73.96136363636363,-0.0922985156089207,1775,1894,0.5909090909090909,-119
24554,22,perdy,0.7295454545454546,-0.913181818181818,72.57272727272726,-0.10942711383181401,319,352,0.36363636363636365,-33
2131,241,bondik,0.7294730290456432,-0.1549377593360996,73.03195020746888,0.0011057136363252327,3278,3194,0.5103734439834025,84
11271,101,smooya,0.7293465346534653,0.6848514851485149,75.17821782178218,0.13808396837670228,1691,1430,0.504950495049505,261
22922,171,emiliaqaq,0.7292046783625731,0.05362573099415205,72.69415204678363,-0.07625255303593256,2372,2501,0.49707602339181284,-129
23711,42,taggy,0.7290000000000001,-0.5830952380952381,71.8452380952381,-0.040639793301911524,615,634,0.42857142857142855,-19
22109,110,vinaabeast,0.7289727272727272,-0.02881818181818185,72.93545454545455,-0.013710753934482274,1589,1565,0.4909090909090909,24
11840,221,boombl4,0.7288778280542986,-0.17819004524886878,72.6470588235294,-0.10278799023481183,3057,3378,0.583710407239819,-321
12018,290,teses,0.7288068965517241,0.46437931034482766,72.92068965517241,-0.01906156140623421,4188,4179,0.5758620689655173,9
9261,185,lekr0,0.7284810810810811,-0.3177837837837838,71.63891891891892,-0.07557821349106615,2582,2702,0.4648648648648649,-120
7805,83,rush,0.7283975903614458,0.17963855421686742,72.56867469879518,-0.034495554907314825,1138,1170,0.5783132530120482,-32
17008,157,topa,0.7282547770700637,-0.6914012738853503,72.51656050955414,-0.09667931250033444,2222,2392,0.5159235668789809,-170
10449,123,issaa,0.7281788617886179,-0.5493495934959349,72.86585365853658,0.0011717173884685597,1797,1730,0.43089430894308944,67
11213,172,delboni,0.7281162790697675,0.39598837209302323,74.00813953488372,0.011653231099887024,2510,2419,0.5523255813953488,91
23298,47,pedrinzy,0.7280851063829787,-0.842127659574468,71.81914893617021,-0.08058375796979124,671,709,0.48936170212765956,-38
17438,26,shutout,0.7280384615384615,0.8369230769230769,73.63461538461539,-0.0558511702692834,393,405,0.4230769230769231,-12
19177,37,consti,0.728,1.5462162162162163,74.95135135135135,0.1764885964329594,561,467,0.5405405405405406,94
22085,128,spinnie,0.7278203125,0.15515625000000002,72.0546875,-0.09249483018724641,1839,1921,0.5,-82
18689,27,annihilation,0.7278148148148148,2.4677777777777776,73.48148148148148,0.20381763211447815,404,322,0.4444444444444444,82
22039,317,danistzz,0.7277192429022082,0.9326498422712933,74.09022082018927,0.11978945412733707,5069,4349,0.4889589905362776,720
20385,180,kye,0.7276055555555555,-0.032722222222222194,73.52611111111112,-0.00042721609522633236,2582,2516,0.5944444444444444,66
21710,462,notineki,0.7273290043290044,0.5928354978354978,72.8926406926407,0.07720155676433972,6756,6165,0.512987012987013,591
7028,108,summer,0.7271944444444445,-0.6480555555555556,72.83055555555555,-0.13052957858477277,1434,1611,0.4537037037037037,-177
22060,63,delle,0.7270634920634921,-0.9785714285714285,72.08571428571427,-0.08278733716761023,932,994,0.4126984126984127,-62
4679,113,jks,0.7270176991150443,0.3653982300884956,72.71150442477875,0.023133715424019232,1625,1573,0.504424778761062,52
20750,24,p3r3iira,0.7269166666666668,-0.9629166666666666,72.60416666666667,-0.1625061678100818,331,374,0.375,-43
21692,158,kalash,0.726867088607595,-0.23544303797468352,71.38354430379746,-0.09928866757388505,2296,2445,0.379746835443038,-149
24560,20,lekzi,0.72685,-0.8205,71.065,-0.16612562355023233,235,276,0.3,-41
17378,121,reck,0.7268016528925619,0.8428099173553719,72.56528925619834,0.00013570732217055016,1754,1727,0.5454545454545454,27
22419,171,0samas,0.7267309941520468,-0.9278947368421053,73.14035087719299,-0.08330964960734988,2413,2533,0.4853801169590643,-120
18752,62,kade0,0.7263387096774194,-0.013870967741935558,71.39354838709677,-0.06816737607142352,876,926,0.5,-50
10838,107,mawth,0.7262990654205608,0.5404672897196261,73.21308411214953,0.08125889467446973,1600,1450,0.45794392523364486,150
24286,186,levantino,0.7262096774193548,-1.4788709677419354,73.03118279569892,-0.2124619986133158,2529,3035,0.46236559139784944,-506
9019,172,surreal,0.7260930232558139,0.010406976744186076,72.2343023255814,-0.059207208022807295,2474,2538,0.4883720930232558,-64
22803,427,bl1x1,0.7260843091334895,0.32737704918032784,71.58665105386417,-0.051737736728893445,6085,6260,0.5081967213114754,-175
20813,364,vldn,0.7258928571428572,0.35442307692307695,71.90521978021978,0.009834886540766752,5184,5013,0.5082417582417582,171
19962,97,re1gn,0.7258865979381444,-0.16195876288659797,73.09690721649484,-0.010838489048878967,1437,1412,0.6288659793814433,25
22129,179,antyvirus,0.725877094972067,-0.32469273743016763,72.90670391061452,-0.14178085315490319,2402,2713,0.547486033519553,-311
16769,131,realz1n,0.7257099236641221,0.710763358778626,72.62290076335879,0.08262440349592201,1917,1731,0.4961832061068702,186
17956,245,jabbi,0.7254857142857143,0.3127755102040816,72.44122448979591,-0.0007702668942911662,3728,3609,0.5061224489795918,119
21155,251,naz,0.7254422310756973,0.11824701195219124,72.23067729083665,-0.10415049772363225,3558,3850,0.5059760956175299,-292
13689,62,jchance,0.7254193548387097,0.7132258064516129,74.73548387096774,0.12669547038642914,1013,892,0.5161290322580645,121
9353,192,paz,0.7253385416666666,-0.43755208333333334,72.46770833333333,-0.03265512663701345,2853,2885,0.4479166666666667,-32
21199,220,mistr,0.7252136363636363,0.2610909090909091,72.34545454545454,-0.0603104425142121,3072,3166,0.5272727272727272,-94
18070,243,demho,0.7250987654320988,0.16744855967078187,71.72469135802469,-0.07565643094435777,3395,3566,0.4691358024691358,-171
20629,31,cojomo,0.7250967741935485,0.06935483870967743,74.2741935483871,0.015004184647246786,475,456,0.3548387096774194,19
20252,286,kind0,0.7250839160839161,-0.31447552447552446,73.20769230769231,-0.01226824299873703,4130,4099,0.47202797202797203,31
19750,255,drop,0.7250392156862745,-0.11584313725490193,73.2843137254902,-0.03066160659577437,3564,3575,0.5450980392156862,-11
8371,250,alex,0.72492,-0.28108,71.8768,-0.10567692087319647,3491,3743,0.508,-252
6536,35,lcs,0.7246857142857143,-0.6942857142857143,71.23714285714286,-0.15116585594415355,501,555,0.2857142857142857,-54
13298,22,aleks,0.7246363636363636,-2.7413636363636367,69.52272727272727,-0.36426959458519126,268,357,0.13636363636363635,-89
13290,26,demonos,0.724576923076923,-1.3711538461538462,71.98461538461538,-0.17145808189798067,368,429,0.38461538461538464,-61
23830,29,luke4k,0.7244827586206897,-1.1248275862068966,70.64827586206897,-0.15433822567984534,405,458,0.3103448275862069,-53
24179,251,spavaqu,0.7244780876494024,1.1228286852589642,74.51633466135458,0.07620512405204088,3856,3454,0.5418326693227091,402
10828,93,dok,0.7243548387096773,-1.094731182795699,71.93978494623656,-0.147832261696494,1321,1494,0.46236559139784944,-173
24717,89,nikz,0.7243483146067415,0.30292134831460676,71.26741573033708,-0.045021120286279616,1233,1250,0.33707865168539325,-17
19509,241,dav1g,0.7241410788381742,-0.6225311203319502,72.22614107883817,-0.11789927939190244,3402,3725,0.4979253112033195,-323
19882,481,norwi,0.723995841995842,-0.22035343035343039,71.71746361746361,-0.06313119143061056,6826,7141,0.5467775467775468,-315
7996,180,cruc1al,0.7239666666666666,0.42005555555555557,73.61888888888889,0.06410668055753035,2785,2534,0.48333333333333334,251
25253,24,joey,0.7236666666666668,-0.46833333333333327,72.26666666666667,-0.0844195701598399,354,381,0.375,-27
25034,39,ghost1,0.7236410256410256,-1.294871794871795,70.0051282051282,-0.17035557605295548,482,544,0.358974358974359,-62
18506,323,s1ren,0.723374613003096,0.12743034055727556,72.53993808049536,0.002996081869988925,4665,4562,0.5851393188854489,103
9818,56,uli,0.7232321428571428,-0.9369642857142857,71.53928571428571,-0.10122064445764448,778,831,0.26785714285714285,-53
8735,39,autimatic,0.7228205128205129,-1.5882051282051282,72.28717948717949,-0.19358323205761535,484,562,0.5384615384615384,-78
15428,86,goofy,0.7228139534883721,-0.4517441860465116,70.88953488372093,-0.10941976932995637,1111,1216,0.43023255813953487,-105
20219,139,xns,0.7224388489208633,-0.12460431654676254,71.43597122302158,-0.06943317169004119,1908,2011,0.48201438848920863,-103
8374,265,bodyy,0.7223283018867924,-0.5584905660377358,72.47471698113208,-0.1504930707058466,3543,4019,0.4830188679245283,-476
16705,140,altekz,0.7222714285714286,-0.3442142857142857,72.07642857142858,-0.043422475401366414,1946,1992,0.4785714285714286,-46
23319,228,syph0,0.7222236842105263,0.47478070175438597,72.3263157894737,-0.004412683515287643,3310,3256,0.5921052631578947,54
13138,330,maka,0.722130303030303,0.9102727272727272,73.41151515151515,0.08787077261755565,5070,4496,0.5484848484848485,574
11922,102,alle,0.7220980392156863,-0.748529411764706,72.08529411764705,-0.09913326825726025,1330,1462,0.49019607843137253,-132
22537,133,def1zer,0.7220225563909775,0.49977443609022554,70.29248120300751,-0.024695525588534155,1829,1848,0.5037593984962406,-19
24144,146,molodoy,0.7219109589041096,1.7671232876712328,74.75205479452055,0.21069663464429364,2439,1918,0.6232876712328768,521
9255,185,draken,0.7218432432432432,0.5604324324324325,74.50972972972973,0.0788362087258109,2831,2534,0.4594594594594595,297
23960,55,sakamoto,0.7218,-0.5747272727272728,70.39272727272727,-0.16525436934373539,770,853,0.43636363636363634,-83
21290,107,perez,0.7217663551401869,0.03644859813084112,72.10093457943925,-0.046538794987415304,1466,1474,0.3644859813084112,-8
19575,162,x5g7v,0.7217530864197531,-0.6418518518518518,72.23765432098766,-0.11307678598048995,2250,2447,0.4691358024691358,-197
21396,49,ariucle,0.7210204081632653,-0.11714285714285716,69.96938775510205,-0.12772088247715904,651,722,0.3673469387755102,-71
21014,157,ag1l,0.7209936305732484,-0.18299363057324838,72.05414012738854,-0.01745872853306735,2297,2253,0.46496815286624205,44
23691,43,beast,0.7209302325581395,-1.2702325581395348,71.29302325581395,-0.07159827657517719,591,614,0.4186046511627907,-23
21657,21,skrimo,0.7209047619047618,-0.4971428571428572,71.65714285714286,-0.11806763761774475,300,323,0.42857142857142855,-23
20465,237,arrozdoce,0.7207679324894515,0.26223628691983125,71.35696202531645,-0.026100133307025004,3301,3318,0.5780590717299579,-17
23686,55,kashl1d,0.7207272727272728,2.5294545454545454,74.56545454545456,0.17818733669284584,854,701,0.6,153
21650,44,marat2k,0.7205,-0.14045454545454558,72.24772727272727,-0.023942805381448298,626,621,0.5,5
23549,56,maxoff,0.7204285714285714,-0.6432142857142857,69.97678571428571,-0.0899337566334909,739,779,0.39285714285714285,-40
22733,40,teme,0.720375,-1.20425,71.3225,-0.1288018780241867,549,604,0.3,-55
24087,24,prisma,0.7202500000000001,-0.8929166666666667,71.78333333333333,-0.11125686758953905,329,371,0.4583333333333333,-42
6904,93,styko,0.7202258064516128,-0.47720430107526884,71.84731182795699,-0.08771238522935774,1292,1371,0.5698924731182796,-79
24782,30,ceruttera,0.7202000000000001,-0.594,71.08,-0.09232505641665986,383,430,0.5,-47
24667,44,fuzenko,0.7200681818181818,-0.5968181818181818,71.78636363636363,-0.06128654291022269,644,661,0.5227272727272727,-17
21686,21,anttzz,0.7199523809523809,-1.2295238095238095,70.9,-0.19711443274130921,298,340,0.3333333333333333,-42
13240,308,lack1,0.7198863636363636,-0.6842207792207793,72.53214285714286,-0.13068229781003315,4307,4806,0.5064935064935064,-499
20123,89,regali,0.7196853932584271,1.830674157303371,74.14382022471911,0.19730075681339532,1490,1192,0.4044943820224719,298
8565,140,hen1,0.7196357142857143,1.7165,72.98642857142858,0.1877615036332752,1937,1590,0.5642857142857143,347
24081,47,keis,0.719531914893617,-0.6561702127659574,71.97234042553191,-0.20082019590876385,637,737,0.3191489361702128,-100
22038,38,rexxie,0.719421052631579,-0.5692105263157895,72.51315789473684,-0.09388361066275966,530,561,0.5789473684210527,-31
11995,352,tmb,0.7193380681818181,-0.9434943181818182,72.2315340909091,-0.2027300041300485,4619,5514,0.5596590909090909,-895
23237,77,tmkj,0.7191038961038961,-0.7297402597402597,70.97662337662338,-0.11630893252274706,1021,1112,0.4935064935064935,-91
20945,182,frontsiderr,0.7189615384615384,0.35692307692307695,71.91703296703297,-0.023561397053857295,2492,2503,0.5494505494505495,-11
10610,141,refrezh,0.7186666666666667,-0.1257446808510638,71.93687943262411,0.013900470256311019,2028,1965,0.5177304964539007,63
19739,330,ex3rcice,0.7186454545454545,0.07663636363636363,71.42636363636363,-0.040214514271200916,4813,4848,0.5484848484848485,-35
12092,221,max,0.7181990950226245,-1.0102262443438914,71.75384615384615,-0.171210967255803,2794,3243,0.5339366515837104,-449
23045,127,lukiz,0.7181811023622048,-0.4917322834645669,72.53070866141732,-0.10934388398740638,1688,1826,0.5590551181102362,-138
13602,238,nicoodoz,0.7180546218487395,0.1565126050420168,74.30672268907563,0.0737404957773492,3803,3408,0.5588235294117647,395
20101,229,fame,0.7179737991266375,0.05157205240174672,71.32314410480349,-0.036119450744230744,3236,3296,0.4759825327510917,-60
21299,143,savana1,0.7177482517482517,-0.297972027972028,70.51888111888113,-0.08736404156687431,1973,2110,0.4405594405594406,-137
18140,121,f4stzin,0.7177272727272728,-0.0930578512396694,72.73801652892561,-0.07273689363263212,1658,1764,0.5206611570247934,-106
10840,107,tatazin,0.7177102803738318,-0.5934579439252337,71.8177570093458,-0.04948189417951506,1485,1538,0.45794392523364486,-53
20185,209,cass1n,0.7176507177033493,1.3293301435406697,73.96363636363637,0.15714444465120633,3233,2734,0.583732057416268,499
8850,41,goosebreeder,0.717609756097561,-2.030731707317073,71.11463414634146,-0.2775048084314558,518,654,0.1951219512195122,-136
17937,209,isak,0.7174066985645933,-0.7070813397129186,71.10765550239235,-0.11684827038602405,2811,3057,0.45454545454545453,-246
3972,239,hunter,0.7174058577405859,-0.5254393305439331,72.06527196652719,-0.02631689960396178,3373,3352,0.602510460251046,21
16753,279,n1xen,0.7173906810035842,-0.8951612903225806,71.58960573476702,-0.05435919473620286,4108,4260,0.4874551971326165,-152
24113,26,ssen,0.7173846153846154,-0.9476923076923077,70.18076923076923,-0.1600800207109555,348,392,0.2692307692307692,-44
13666,272,brollan,0.7172941176470587,-0.27345588235294116,71.46029411764707,-0.09660281320813235,3771,4068,0.5882352941176471,-297
10264,172,niko,0.7170581395348837,-0.7207558139534883,71.30058139534884,-0.12002532343590831,2393,2607,0.4476744186046512,-214
19069,250,forsyy,0.7169840000000001,0.7006,73.45,0.17404321467892103,3940,3233,0.484,707
25111,53,redzed,0.7168301886792452,-0.4141509433962264,71.73584905660377,-0.03694216104094177,800,819,0.4716981132075472,-19
19709,100,shane,0.7166800000000001,0.2188,71.66199999999999,-0.04026172216380896,1386,1425,0.48,-39
16948,289,travis,0.7162491349480969,0.22173010380622837,70.84567474048444,-0.019969574701240316,4040,4057,0.5397923875432526,-17
23346,21,vision,0.7162380952380952,-0.12761904761904758,69.45714285714286,-0.13228784939986463,294,322,0.3333333333333333,-28
12822,219,vini,0.7161415525114155,0.08365296803652965,71.33424657534248,-0.08564439718239523,2848,3052,0.6118721461187214,-204
16835,156,ponter,0.7159423076923077,-0.04788461538461544,71.6448717948718,-0.012003101012278571,2134,2107,0.5897435897435898,27
21139,157,pr1metapz,0.7158980891719745,0.41216560509554134,71.32484076433121,-0.03511380521192304,2172,2212,0.5859872611464968,-40
20956,337,fozil,0.7158575667655787,-0.65026706231454,71.24272997032641,-0.10704821248152047,4721,5114,0.4836795252225519,-393
14061,134,awzek,0.7158507462686567,-0.512686567164179,70.92985074626866,-0.13147829805214153,1795,2012,0.4253731343283582,-217
19730,29,gump,0.7157241379310345,-0.0962068965517241,70.49655172413793,-0.12311307582931726,383,432,0.41379310344827586,-49
24204,25,kiy0o,0.71572,-1.2948000000000002,70.36399999999999,-0.17132234417424577,339,384,0.36,-45
8575,226,calyx,0.7157079646017699,-0.026415929203539825,71.70530973451328,-0.0064215733320590485,3225,3218,0.48672566371681414,7
22327,166,something,0.715289156626506,-0.8001204819277108,70.74457831325302,-0.1510289909080952,2273,2581,0.42771084337349397,-308
23829,98,machado,0.7151632653061224,0.6175510204081633,72.74591836734695,0.12612278119158488,1521,1308,0.3673469387755102,213
9571,80,cj-da-k1ng,0.71505,-0.094,71.56625,0.007139761785243927,1140,1110,0.5625,30
16848,286,hades,0.7148986013986014,1.0863286713286713,73.81993006993007,0.1613335958355008,4571,3802,0.5174825174825175,769
9626,431,xellow,0.7145777262180975,1.2501392111368912,73.06218097447795,0.08025743401425622,6813,6051,0.42691415313225056,762
19991,131,hoax,0.7145572519083969,-0.8181679389312978,71.58854961832061,-0.16027836435597984,1719,1969,0.5190839694656488,-250
24649,87,dosikk,0.7145057471264368,-0.9152873563218392,70.62298850574713,-0.2050491318456998,1110,1310,0.39080459770114945,-200
20960,60,ex1st,0.7143999999999999,-1.8886666666666665,71.49666666666667,-0.1610335557924272,851,982,0.36666666666666664,-131
23048,78,kelien,0.7142820512820512,-0.11756410256410252,70.90641025641025,-0.1061443443256638,1079,1187,0.41025641025641024,-108
18150,22,clouden,0.7142727272727273,-0.4709090909090909,71.5,-0.17821844386266414,284,336,0.2727272727272727,-52
21233,139,myltsi,0.7141942446043165,-0.34525179856115107,71.55611510791367,-0.07343365560751049,1934,2017,0.5179856115107914,-83
24261,32,realzen,0.7141875,-1.9628125,70.203125,-0.2748698769272244,397,495,0.40625,-98
21820,39,obi,0.7141794871794872,-0.5592307692307691,71.43333333333334,-0.1319754889185647,553,610,0.5384615384615384,-57
20097,50,h4rn,0.7141,1.3088,72.99,0.25127664945510064,773,598,0.58,175
21302,479,cjoffo,0.7140062630480167,0.6107515657620042,70.28789144050104,0.0037211530603651925,6836,6749,0.5135699373695198,87
11154,224,exit,0.71375,-0.02111607142857144,71.50133928571428,0.02766102087417719,3072,2904,0.5089285714285714,168
23552,90,slashzz,0.7137444444444444,-1.046888888888889,70.32444444444444,-0.13126862189967017,1196,1319,0.3888888888888889,-123
22536,54,mag1k3y,0.7137222222222221,0.5672222222222222,74.06666666666666,0.17871172603196867,884,708,0.42592592592592593,176
14388,196,the-elive,0.7136581632653062,-0.8292857142857143,70.40255102040817,-0.14407673647485528,2597,2951,0.45408163265306123,-354
22075,213,sfade8,0.7134741784037558,-1.8292018779342722,71.40938967136151,-0.2457691667155656,2907,3621,0.43661971830985913,-714
19538,27,magnumz,0.7134444444444445,1.5466666666666666,71.75925925925925,0.14469527708148996,443,373,0.5555555555555556,70
24650,89,tsukumeow,0.7132247191011235,-0.7376404494382023,70.4123595505618,-0.17739134253008657,1153,1310,0.38202247191011235,-157
18447,259,dssj,0.7132239382239381,-0.01583011583011582,72.79459459459459,-0.004899857988037309,3921,3857,0.4517374517374517,64
12269,47,jyo,0.7131063829787234,-0.6493617021276595,71.25744680851064,-0.08252340807867993,624,662,0.5319148936170213,-38
21250,69,jresy,0.713072463768116,-0.6118840579710145,71.88260869565217,-0.1138075573178651,944,1035,0.4492753623188406,-91
19872,202,bk1,0.7129306930693069,-0.6598019801980198,71.21683168316831,-0.17250769995238907,2762,3211,0.5,-449
21085,87,antonini,0.7127356321839081,-1.1985057471264366,70.39080459770115,-0.1700972664229833,1177,1325,0.3218390804597701,-148
22566,50,deemo,0.71246,-1.0144,70.806,-0.05016069622299429,741,743,0.34,-2
21749,45,cbass,0.7124444444444445,-0.2753333333333333,70.54666666666667,-0.12915143554719638,621,681,0.5111111111111111,-60
8891,198,nodios,0.71239898989899,-0.292020202020202,71.11717171717171,-0.1006494706173181,2728,2899,0.42424242424242425,-171
16163,26,hate,0.7123846153846153,-0.14538461538461542,68.87692307692308,-0.223003625616039,359,423,0.46153846153846156,-64
11733,40,brnz1k,0.711675,-0.64125,69.7775,-0.10230252304240003,547,601,0.45,-54
23109,26,weeza,0.7113461538461539,-1.9584615384615385,72.52307692307691,-0.1673723255430599,343,404,0.34615384615384615,-61
20870,161,sl3nd,0.7111304347826087,0.8080745341614907,72.81614906832299,0.08402603139490505,2411,2178,0.5590062111801242,233
17011,210,shalfey,0.711052380952381,-0.520952380952381,72.18523809523809,-0.016801461975101507,2957,2934,0.5,23
17216,67,mallby,0.710910447761194,-0.22671641791044778,70.76567164179104,-0.042448741592421485,908,924,0.5074626865671642,-16
19512,46,nivera,0.710304347826087,0.4173913043478262,71.24130434782609,0.01327907618879764,708,663,0.45652173913043476,45
9031,127,valde,0.7101259842519685,-0.05535433070866141,70.22283464566928,-0.09074379346656501,1643,1765,0.4881889763779528,-122
19831,66,proshow,0.7100909090909091,1.4348484848484848,72.08333333333333,0.07887086723995126,968,872,0.5303030303030303,96
22267,73,mds,0.7095890410958904,-1.2797260273972604,71.50547945205479,-0.19720160603379283,1006,1185,0.4520547945205479,-179
24298,86,alennncar,0.7095465116279069,-0.0038372093023256028,70.4406976744186,-0.046059679615659425,1257,1243,0.4069767441860465,14
20339,40,extinct,0.709525,-1.2427499999999998,69.63250000000001,-0.35094809326328325,481,651,0.3,-170
20289,58,dgl,0.7094999999999999,0.4432758620689656,71.9793103448276,0.12023966718531358,914,772,0.3448275862068966,142
23137,57,dvrk,0.7092280701754387,-0.19473684210526312,71.19649122807017,-0.04232977719219052,806,828,0.47368421052631576,-22
20435,22,hyperi1,0.7092272727272727,-1.0250000000000001,69.90454545454546,-0.12690472473454942,361,397,0.18181818181818182,-36
23858,132,mo0n,0.7090833333333334,0.3543181818181818,73.51818181818182,0.04267137224720289,1937,1803,0.45454545454545453,134
9482,165,nekiz,0.7090606060606061,-1.0741818181818181,70.64363636363638,-0.13969991509619867,2230,2508,0.5515151515151515,-278
24050,31,mcniff,0.709,-0.3361290322580645,71.09032258064516,-0.08920632040061324,441,457,0.5161290322580645,-16
21574,38,boye,0.7089210526315789,-0.5557894736842105,70.05,-0.1380331653446032,525,570,0.3684210526315789,-45
23413,203,s-chilla,0.7088275862068966,-0.21674876847290644,70.1807881773399,-0.1050177600691883,2725,2959,0.5517241379310345,-234
15662,231,zorte,0.7086666666666667,0.9955411255411255,72.96580086580086,0.10294740726526702,3525,3137,0.5627705627705628,388
19926,322,afro,0.708195652173913,0.9489130434782609,72.4027950310559,0.09893821516774655,4903,4352,0.5062111801242236,551
23765,154,hfah,0.7081623376623377,-0.929935064935065,70.98376623376623,-0.14066359549402735,2104,2335,0.461038961038961,-231
21815,245,podi,0.7081387755102041,0.9256734693877552,73.53795918367346,0.12730574575719197,3667,3182,0.5183673469387755,485
22066,38,madss,0.7079473684210527,-1.5723684210526316,66.83157894736841,-0.29027583142136804,470,585,0.23684210526315788,-115
15835,112,imorr,0.7079464285714286,-0.07750000000000003,71.81339285714286,-0.05435915991623573,1647,1678,0.42857142857142855,-31
22950,31,sl1m3,0.7077741935483871,0.162258064516129,70.96451612903226,-0.0557343383631601,488,473,0.3548387096774194,15
20284,277,maaryy,0.7076823104693141,-0.3664259927797834,70.70758122743682,-0.07395362088152799,3707,3921,0.45126353790613716,-214
23338,173,beccie,0.7073236994219654,-0.12346820809248554,69.42485549132948,-0.08755118002508404,2301,2457,0.4508670520231214,-156
21620,140,nicx,0.7070285714285713,-0.02121428571428573,70.30285714285714,-0.05892069536207202,2052,2113,0.45714285714285713,-61
8998,44,just,0.7069772727272727,-1.1102272727272728,70.67727272727274,-0.06668114258392371,632,659,0.38636363636363635,-27
16102,85,nopeej,0.7069647058823529,-0.1534117647058824,69.62470588235294,-0.0779917442244732,1181,1223,0.3764705882352941,-42
23323,37,bhavi,0.7067297297297298,-1.0137837837837838,70.24594594594595,-0.13214232449002083,467,520,0.4864864864864865,-53
11199,443,beastik,0.7066568848758464,-0.17410835214446954,69.83747178329571,-0.11314936642421958,6182,6659,0.5214446952595937,-477
16323,26,valiance,0.7063846153846154,-0.27384615384615385,69.43076923076923,-0.007203344569164692,364,369,0.5769230769230769,-5
20987,178,brnz4n,0.7063258426966292,-0.8089887640449438,70.3,-0.1303000363779722,2276,2495,0.5280898876404494,-219
22101,110,spardaus,0.7063181818181817,-1.1952727272727273,70.23818181818181,-0.11931512432563245,1539,1698,0.44545454545454544,-159
22404,59,cerolzin,0.7061016949152543,-1.1872881355932203,70.14237288135593,-0.18197615626279998,792,903,0.3728813559322034,-111
19694,276,nqz,0.706054347826087,1.5588043478260871,72.34492753623189,0.17251547308967433,4118,3411,0.5398550724637681,707
21700,91,brn,0.7060439560439561,-0.29604395604395606,70.93076923076923,-0.07548830716157715,1218,1276,0.4175824175824176,-58
21012,148,ro1f,0.7058445945945946,-0.06641891891891893,70.51351351351352,-0.04355647468523094,2083,2121,0.5472972972972973,-38
21849,30,astra,0.7054666666666666,-0.12033333333333332,71.47333333333333,0.012641079565893243,408,402,0.6,6
22879,457,fenomen,0.7053347921225384,1.1950109409190373,72.44485776805253,0.18066177862546676,7039,5753,0.5054704595185996,1286
15940,170,sobol,0.7053117647058824,-0.5236470588235295,69.3,-0.1470892434741556,2256,2542,0.4764705882352941,-286
19128,143,slight,0.7051888111888112,1.0125874125874126,72.91818181818181,0.11685058720544005,2182,1899,0.5874125874125874,283
22563,213,fnl,0.7051455399061033,-0.7464788732394366,69.9075117370892,-0.08210803687576398,2940,3138,0.41784037558685444,-198
18848,55,henu,0.7048181818181818,-1.4470909090909092,70.00545454545455,-0.22614400716821406,713,876,0.2909090909090909,-163
20171,276,snow,0.7046268115942029,-0.07583333333333334,70.475,-0.032664051213774505,3823,3882,0.5362318840579711,-59
9108,39,tucks,0.7045897435897436,-0.9074358974358975,70.46923076923078,-0.09240059980854122,543,588,0.46153846153846156,-45
11276,60,marko,0.7045499999999999,-0.5006666666666667,70.39666666666668,-0.021139653908351746,849,829,0.38333333333333336,20
11630,187,jt,0.7043048128342246,-0.7226737967914437,69.84812834224599,-0.14946714622076523,2496,2836,0.48663101604278075,-340
19284,108,prosus,0.7041944444444445,-0.9732407407407407,70.18981481481481,-0.11414605871594487,1491,1636,0.4722222222222222,-145
21266,305,1eer,0.7041868852459017,-0.7802622950819672,70.74426229508197,-0.1349779364530717,4081,4576,0.5573770491803278,-495
20127,235,w0nderful,0.704136170212766,1.1118297872340424,71.57744680851064,0.1420483067424473,3541,2998,0.5872340425531914,543
16612,151,n0rb3r7,0.7040860927152318,-0.17165562913907279,69.56490066225165,-0.0694730323227844,2054,2149,0.543046357615894,-95
18442,26,frizzy,0.7037307692307693,-1.8388461538461536,70.4423076923077,-0.1905680479260544,323,375,0.34615384615384615,-52
24104,32,nickyb,0.70353125,-0.04531250000000006,70.4375,-0.2028097106589731,413,483,0.375,-70
20275,300,techno,0.70352,0.1888,70.52033333333333,-0.06723325153324146,4217,4428,0.5933333333333334,-211
16872,71,flying,0.7033802816901408,-0.3352112676056338,70.09154929577464,-0.017625684698160983,941,948,0.4788732394366197,-7
21426,24,febreeze,0.703375,-0.45416666666666666,70.96249999999999,-0.17270981074044622,341,377,0.4166666666666667,-36
20606,80,roy,0.703325,-0.124125,69.4275,-0.13890439241580885,1088,1212,0.5125,-124
13982,130,forester,0.7032923076923077,-1.0238461538461539,70.75230769230768,-0.14734480401365993,1762,1969,0.5230769230769231,-207
19707,23,grape,0.7032173913043478,-1.7256521739130435,68.48695652173913,-0.2483045608483932,281,345,0.391304347826087,-64
20897,154,matios,0.7031818181818182,-0.5290259740259741,69.64155844155843,-0.08455266430313585,1997,2107,0.5,-110
11337,76,rcf,0.7021052631578947,0.4542105263157894,72.66842105263159,0.09310724063628968,1165,1050,0.4868421052631579,115
18294,79,adron,0.7019746835443038,-0.4224050632911393,69.04177215189874,-0.14997577979726362,1050,1205,0.4936708860759494,-155
21239,207,martinezsa,0.7019613526570049,1.421256038647343,71.96618357487922,0.1469604418454571,3163,2687,0.5072463768115942,476
24015,46,trindade,0.701804347826087,-0.6484782608695652,69.59782608695652,-0.12679668296092111,602,675,0.4782608695652174,-73
24671,29,clipzera,0.7017241379310345,-1.3520689655172413,68.7896551724138,-0.20470486972106725,393,476,0.4482758620689655,-83
20702,110,jee,0.7017181818181818,0.8323636363636364,72.22818181818182,0.157026353396071,1685,1426,0.5272727272727272,259
20600,106,sm3t,0.7016981132075472,-1.3993396226415096,69.09150943396226,-0.11741418511373596,1380,1513,0.36792452830188677,-133
13077,90,patti,0.7016444444444444,-0.9363333333333332,69.79555555555557,-0.13543133803392352,1234,1390,0.45555555555555555,-156
18424,27,atomik,0.7013703703703704,0.08555555555555558,71.09629629629629,0.035522294560665316,451,409,0.37037037037037035,42
21036,129,krok,0.7012790697674419,-1.3439534883720932,70.09922480620155,-0.19571868693802053,1715,1992,0.34108527131782945,-277
20992,181,ivz,0.701121546961326,0.7806629834254144,71.28618784530386,0.0574206816015036,2801,2557,0.5248618784530387,244
10588,118,liazz,0.7007203389830509,-0.43169491525423725,69.31186440677966,-0.07424395227233818,1517,1629,0.4661016949152542,-112
22655,32,r3kt,0.70071875,0.1556249999999999,70.65625,0.013407469798080461,414,412,0.5,2
9032,242,magisk,0.7005950413223141,-0.4272314049586776,70.34628099173554,-0.05547203245206653,3300,3422,0.49173553719008267,-122
20462,219,story,0.7004474885844749,0.7116438356164383,71.4703196347032,0.06896576048707935,3294,3005,0.5159817351598174,289
7168,79,nbk,0.7002784810126582,-1.3556962025316455,69.75696202531645,-0.2900056853682932,968,1247,0.46835443037974683,-279
21816,389,gizmy,0.7001825192802056,-1.0803084832904886,70.21388174807198,-0.15703592589571436,5178,5923,0.4961439588688946,-745
19996,59,jelo,0.7001016949152542,-0.7852542372881356,68.47118644067797,-0.19355205648520998,768,893,0.23728813559322035,-125
11891,61,phr,0.7000819672131148,-0.21491803278688523,69.39344262295081,-0.10732278597444932,822,911,0.4098360655737705,-89
21969,310,graviti,0.7000645161290323,-0.6767741935483871,70.20161290322581,-0.09700275736900046,4385,4763,0.5516129032258065,-378
23692,36,binox,0.6998611111111112,-0.275,71.62222222222222,0.02470963475728714,546,515,0.3888888888888889,31
21809,300,910,0.6998066666666667,0.8603,72.46866666666666,0.1135638040431488,4669,4109,0.5933333333333334,560
14294,53,hazr,0.6997358490566038,-0.7733962264150942,69.25849056603774,-0.18621509167025463,686,802,0.3584905660377358,-116
20510,72,hyza,0.6993333333333333,-1.114861111111111,70.55416666666666,-0.10899331868855205,981,1071,0.5,-90
15117,138,keoz,0.6990797101449275,-0.8056521739130436,69.15434782608695,-0.13755135504389973,1864,2105,0.4855072463768116,-241
18670,406,sellter,0.6990147783251232,-0.33891625615763543,69.65591133004926,-0.10906718560214616,5622,6175,0.5098522167487685,-553
16581,46,stx,0.6989782608695652,-1.4732608695652174,68.16304347826087,-0.2291073801605499,620,740,0.2608695652173913,-120
14242,22,vster,0.6988636363636364,-0.8140909090909091,67.80454545454546,-0.2948629879503858,279,361,0.3181818181818182,-82
18053,275,broky,0.6988254545454545,0.5593454545454545,71.69090909090909,0.10713810817472057,4273,3718,0.5454545454545454,555
21763,215,ultimate,0.6987674418604651,0.429953488372093,71.48139534883721,0.0327462576459224,3126,2896,0.48372093023255813,230
12840,187,hallzerk,0.6986096256684491,0.6975935828877005,71.04973262032085,0.07303438058591456,2839,2554,0.48663101604278075,285
7700,36,robiin,0.6985,-1.306111111111111,69.125,-0.1247533935826969,495,516,0.3055555555555556,-21
19590,27,byr9,0.6984444444444444,-0.9414814814814816,70.12222222222222,-0.04298280391791737,382,389,0.5555555555555556,-7
18322,240,kaiser,0.6982916666666666,0.9205416666666667,70.81541666666666,0.07948397478005663,3444,3110,0.525,334
23621,31,marie,0.6981290322580646,-1.5193548387096774,67.15483870967742,-0.21596839458910694,396,479,0.1935483870967742,-83
22144,56,puuha,0.6980535714285715,-1.9976785714285714,67.175,-0.30123326746303325,700,893,0.26785714285714285,-193
17117,108,shield,0.6978981481481482,1.6801851851851852,71.19166666666666,0.14552931373793726,1700,1454,0.49074074074074076,246
23316,27,oxygen,0.6978148148148149,-2.015925925925926,69.84444444444445,-0.17777764320901554,318,385,0.4074074074074074,-67
19812,145,chill,0.6977793103448275,-0.5557931034482759,69.47724137931036,-0.11592285243288337,2025,2252,0.43448275862068964,-227
23740,30,premium,0.6974333333333332,-0.39899999999999997,68.86666666666666,-0.12404571511554385,368,403,0.36666666666666664,-35
23317,304,khan,0.6974210526315789,0.8352302631578947,71.97993421052632,0.15365090836457126,4851,4057,0.555921052631579,794
10981,194,mantuu,0.6972783505154638,0.797319587628866,70.71907216494846,0.11095398633024142,3018,2643,0.5154639175257731,375
16921,208,nafany,0.6972019230769231,-0.9962019230769231,68.85576923076923,-0.21626474040027996,2651,3160,0.5240384615384616,-509
15007,77,cooper,0.6971428571428572,-0.6222077922077922,71.4038961038961,-0.07442516065490219,1095,1142,0.4675324675324675,-47
22047,268,yxngstxr,0.6970037313432835,-0.5677985074626866,70.27910447761194,-0.08289574438039164,3775,3974,0.5634328358208955,-199
23104,34,bghmagic,0.6969705882352941,-0.23264705882352943,68.58823529411765,-0.0887398615693525,493,516,0.38235294117647056,-23
13239,310,qikert,0.6967774193548387,-0.5259354838709677,69.38806451612903,-0.03373539691619858,4196,4295,0.5290322580645161,-99
12588,38,brace,0.6966842105263158,-0.5894736842105263,68.18684210526315,-0.16553142296129586,483,550,0.3684210526315789,-67
13776,353,jame,0.6965807365439094,1.946940509915014,72.64815864022663,0.2587980168659259,5376,4078,0.6005665722379604,1298
24734,21,tein,0.6965714285714286,-1.1938095238095239,68.24761904761905,-0.13919655528453742,280,328,0.2857142857142857,-48
17929,49,walco,0.6964285714285714,-0.886530612244898,69.13673469387754,-0.09961461368411134,648,700,0.5102040816326531,-52
24284,143,revoltz,0.6962237762237763,-0.6425874125874126,68.85944055944056,-0.13726757561064631,1894,2109,0.4125874125874126,-215
20170,174,kyuubii,0.6959712643678161,-0.4811494252873563,69.29022988505747,-0.09512058205978725,2373,2564,0.43103448275862066,-191
8574,279,woxic,0.6959569892473119,0.951326164874552,71.51182795698925,0.13857626196665707,4400,3764,0.5663082437275986,636
23957,56,neozix,0.695857142857143,-1.332857142857143,68.70178571428572,-0.21911597279268763,709,840,0.39285714285714285,-131
17997,120,lenci,0.6957,-0.27949999999999997,68.81750000000001,-0.10688544272361454,1605,1726,0.39166666666666666,-121
13618,81,bluepho3nix,0.6954444444444445,-0.5304938271604938,68.84567901234568,-0.06377907742397931,1116,1175,0.49382716049382713,-59
12937,112,wolfy,0.6954107142857142,0.9061607142857142,70.74196428571429,0.10373155580827333,1612,1440,0.5714285714285714,172
10566,196,chelo,0.6953979591836735,-0.5811224489795919,69.58622448979591,-0.13663824272343575,2661,2912,0.5408163265306123,-251
15370,164,slaxz,0.6952987804878048,1.5841463414634147,72.36951219512196,0.23029620904015813,2538,2018,0.5975609756097561,520
6593,137,pkl,0.6952846715328468,-0.6682481751824817,69.84452554744526,-0.13003926192696574,1781,2017,0.5912408759124088,-236
14359,60,w1nt3r,0.6952333333333333,-1.1466666666666667,69.85166666666667,-0.0848293384257631,741,793,0.48333333333333334,-52
24811,51,hodix,0.6950588235294117,-1.6941176470588237,67.87647058823529,-0.2394811594582955,662,765,0.27450980392156865,-103
5021,20,swag,0.69475,-1.2665000000000002,68.01,-0.20635185348460108,260,292,0.25,-32
16811,99,mistem,0.6945252525252524,-0.5733333333333334,68.96464646464646,-0.1728109872933515,1406,1589,0.47474747474747475,-183
7528,345,krimz,0.6944898550724637,-0.07446376811594205,69.01420289855074,-0.02926032514438893,4585,4669,0.5391304347826087,-84
18318,64,dekz,0.694390625,-0.48312499999999997,69.2625,-0.11382834285690174,825,881,0.515625,-56
21038,144,reix,0.6943888888888889,-1.7805555555555554,69.28819444444444,-0.15487092361368002,1855,2134,0.4027777777777778,-279
19692,173,zevy,0.6943583815028902,1.3070520231213874,72.09768786127168,0.15873742918507508,2576,2156,0.6647398843930635,420
9896,72,b0rup,0.6941944444444444,-0.5109722222222223,68.92222222222222,-0.09519883413457286,986,1055,0.5,-69
19973,46,roz,0.6941521739130435,-1.242391304347826,68.29565217391304,-0.1614697019473399,633,720,0.41304347826086957,-87
16645,142,drg,0.6939647887323944,-0.4380281690140844,69.1007042253521,-0.11181782745073407,1867,2048,0.5422535211267606,-181
22084,191,mello,0.6939267015706806,0.5700523560209425,71.117277486911,0.10683644068593691,2925,2557,0.41361256544502617,368
22914,173,dex,0.6939248554913294,-0.6384393063583815,69.43468208092486,-0.11500003417619466,2394,2625,0.5260115606936416,-231
13026,238,c0llins,0.6934327731092437,-1.166344537815126,68.83655462184875,-0.12379668709000319,3214,3570,0.4495798319327731,-356
18610,190,detr0ittj,0.6934105263157895,1.1191578947368421,71.50263157894737,0.11634692067582177,2822,2419,0.5105263157894737,403
19906,40,damyo,0.69325,-2.4865,69.82000000000001,-0.22470316797019527,533,643,0.325,-110
22904,278,burmylov,0.6932410071942446,0.07298561151079135,71.09928057553957,0.0609886896372004,4189,3826,0.5431654676258992,363
23786,28,tineu,0.6931785714285714,-1.6607142857142858,67.83214285714286,-0.26913173012638353,378,479,0.25,-101
21189,35,gabie,0.693,-1.3537142857142856,69.16285714285713,-0.19845614456259825,480,573,0.4,-93
23393,44,hug1,0.6929772727272727,-1.1672727272727272,70.45,-0.1696001741290503,614,700,0.4318181818181818,-86
21348,259,artfr0st,0.6929266409266409,1.1557528957528957,72.51621621621622,0.2432114172075344,4089,3120,0.5482625482625483,969
20885,205,freq,0.6928487804878048,-0.29224390243902443,69.33756097560976,-0.004313989121986196,2801,2780,0.5170731707317073,21
24111,21,junyme,0.6925714285714286,0.7695238095238095,70.06666666666668,0.01065305548767875,331,306,0.47619047619047616,25
20674,53,beg0d,0.6925283018867925,0.5866037735849057,69.86792452830188,0.03629784872771954,748,707,0.4339622641509434,41
10961,344,kristou,0.6923633720930232,0.47633720930232565,70.09970930232558,-0.021313349373308508,4988,4976,0.5494186046511628,12
23292,141,pump,0.6921134751773049,0.19411347517730498,69.78865248226951,-0.0720083069626665,1941,2032,0.5106382978723404,-91
17133,176,desh,0.6921079545454545,0.19085227272727276,71.03352272727273,0.07867256078721035,2612,2347,0.5,265
19275,46,lealzinho,0.6919130434782609,0.06369565217391311,70.91304347826087,0.019962462325464253,672,638,0.41304347826086957,34
23539,31,for2na,0.691741935483871,-0.7635483870967742,70.71612903225805,-0.056979981201936675,391,410,0.3870967741935484,-19
8327,71,furlan,0.6915070422535211,-1.5501408450704226,68.0774647887324,-0.3201566109157792,845,1144,0.38028169014084506,-299
20201,151,fpsss,0.6912913907284769,-0.5029801324503311,70.06423841059603,-0.03764456437552115,2166,2199,0.47019867549668876,-33
24806,52,frontales,0.6912692307692307,0.9813461538461539,70.21538461538461,0.0971029855317089,829,733,0.5384615384615384,96
23410,82,coolcoms,0.6912195121951219,-0.9425609756097562,70.43536585365854,-0.10850435430770335,1195,1291,0.5121951219512195,-96
17470,37,melio,0.6907837837837838,-1.5921621621621622,69.28378378378379,-0.0719117372225434,543,565,0.3783783783783784,-22
6553,88,fl4sh,0.6906931818181818,-1.5456818181818184,67.57727272727273,-0.2830757922707958,1105,1367,0.3409090909090909,-262
24967,90,rikon,0.6905222222222223,-1.2437777777777776,68.3788888888889,-0.22607178134739772,1167,1407,0.4888888888888889,-240
24172,224,yuramyata,0.6903348214285714,0.18205357142857143,70.26964285714286,0.08728233637296912,3367,2993,0.40625,374
24680,25,huncho,0.6903199999999999,-2.8556,69.544,-0.32243748962724994,308,391,0.44,-83
24328,94,lukita,0.6902553191489361,-1.0750000000000002,68.32659574468084,-0.2455613479383112,1177,1431,0.39361702127659576,-254
23461,53,pepe,0.6897169811320755,-1.1362264150943395,68.70377358490566,-0.1089924717822528,733,802,0.5283018867924528,-69
19686,114,n1ssim,0.689657894736842,-0.18122807017543857,68.65087719298245,-0.033561095127586205,1533,1578,0.5789473684210527,-45
20558,271,gafolo,0.6896088560885608,0.09210332103321033,70.0210332103321,-0.02275082347996145,3819,3811,0.5977859778597786,8
20794,175,leen,0.6894857142857143,-0.8873142857142857,68.99314285714286,-0.13638390703460887,2348,2643,0.44,-295
18462,264,mezii,0.6893484848484849,0.6192424242424241,69.10113636363637,0.03367922820634752,3703,3548,0.6931818181818182,155
18072,272,torzsi,0.6891838235294118,0.7701470588235294,71.49191176470588,0.18908330203511714,4297,3493,0.5882352941176471,804
17803,411,fear,0.6891532846715329,-0.9853771289537713,69.39002433090025,-0.10743917730952172,5453,5896,0.5693430656934306,-443
19164,191,sunpayus,0.6890890052356021,1.0387434554973822,70.76335078534031,0.1303751515708464,2903,2463,0.5130890052356021,440
20711,30,lom1k,0.6890000000000001,-0.13833333333333336,69.29333333333334,0.045559557948279775,423,386,0.43333333333333335,37
16947,68,perfecto,0.6888676470588235,-0.22058823529411772,67.86176470588236,-0.012255860573778905,915,915,0.4117647058823529,0
23766,173,hypex,0.688757225433526,1.0378612716763007,69.45028901734103,0.14130302970713485,2613,2215,0.5086705202312138,398
21783,479,brutmonster,0.6886889352818372,0.6992901878914405,70.32651356993738,0.03499515909668474,7099,6682,0.5135699373695198,417
22163,127,misfit,0.6882992125984252,1.184251968503937,69.63228346456692,0.12086360478887909,1801,1568,0.5354330708661418,233
22011,55,kadziu,0.6881454545454545,0.2678181818181818,69.16727272727272,-0.03822358398310996,830,851,0.4727272727272727,-21
23386,75,kumao,0.6881066666666666,-1.4030666666666667,69.11733333333333,-0.21985297621640076,1002,1150,0.4266666666666667,-148
16731,331,iceberg,0.6879244712990936,-1.099093655589124,68.47492447129909,-0.2560784355930024,4234,5339,0.4561933534743202,-1105
21801,40,yungher,0.6878249999999999,0.65925,69.4025,0.0889218905838988,599,513,0.35,86
20071,182,fanatyk,0.6876923076923077,0.14071428571428576,67.99835164835166,-0.06822055031081024,2334,2442,0.5439560439560439,-108
17675,180,m1n1,0.6874944444444444,0.5335,71.82000000000001,0.10281781693828121,2799,2435,0.4444444444444444,364
16486,213,ztr,0.6874882629107981,-1.0102816901408451,68.05399061032864,-0.15726706999068768,2768,3163,0.5492957746478874,-395
24546,38,fugor,0.6874736842105262,-1.704736842105263,68.03421052631579,-0.25465713952887437,485,587,0.3157894736842105,-102
24557,65,toto,0.6874,-1.9901538461538464,67.2323076923077,-0.28089214995183226,760,968,0.35384615384615387,-208
19614,144,s4ltovsk1yy,0.6873819444444444,0.6809027777777777,71.025,0.15943296865514933,2214,1849,0.5555555555555556,365
9221,163,reversive,0.687361963190184,-0.9370552147239264,68.08098159509203,-0.19795696958421116,2040,2404,0.4723926380368098,-364
12713,91,floppy,0.6872087912087912,-0.45175824175824175,68.26153846153846,-0.11206223049761806,1195,1303,0.5494505494505495,-108
3459,248,kinqie,0.6870282258064516,-1.1947983870967742,68.09677419354838,-0.20774629588563542,3157,3819,0.5282258064516129,-662
22022,81,trucklover86,0.6870123456790124,-1.6219753086419753,68.09382716049383,-0.16457265959045345,1079,1206,0.4444444444444444,-127
22125,114,lich,0.6868508771929824,-1.0102631578947368,68.62456140350876,-0.1704825843458852,1546,1798,0.49122807017543857,-252
19231,298,h1te,0.6868020134228188,0.5582885906040269,70.66375838926174,0.10839483804570187,4669,4058,0.4899328859060403,611
22414,58,efire,0.6867931034482759,-1.176896551724138,68.13448275862069,-0.1383015697119347,802,890,0.43103448275862066,-88
22459,90,sh1nejezzz,0.6866222222222222,-1.1834444444444445,67.72555555555556,-0.1365967587131183,1163,1259,0.4,-96
22589,39,halen,0.6866153846153846,-1.3784615384615386,68.2,-0.13663135013528943,520,579,0.41025641025641024,-59
22760,192,upe,0.686078125,-0.9644791666666667,67.62135416666666,-0.17471229007019817,2474,2836,0.5729166666666666,-362
20527,55,tjp,0.6860181818181819,-2.0656363636363637,68.14363636363636,-0.20466001230511816,658,782,0.41818181818181815,-124
22111,41,vanessa,0.6858780487804877,-1.3624390243902438,65.65365853658537,-0.16679716221693122,535,605,0.1951219512195122,-70
15949,117,peppzor,0.6858376068376068,-1.4082051282051282,67.84358974358975,-0.18040623692628954,1532,1769,0.36752136752136755,-237
20881,40,sliimey,0.68575,-1.1855,67.975,-0.18915799520165605,502,557,0.45,-55
20807,21,rage,0.6857142857142857,-2.3976190476190475,67.77619047619048,-0.3395449476161832,256,337,0.2857142857142857,-81
22385,67,melavi,0.6856268656716418,0.2708955223880597,70.65970149253731,0.09356161669169547,1068,944,0.43283582089552236,124
23463,28,dani,0.6853214285714285,-1.7564285714285712,67.625,-0.23114548589212283,339,421,0.32142857142857145,-82
2898,355,raalz,0.6851605633802816,-0.8099154929577465,68.00225352112676,-0.13832603445346783,4792,5386,0.532394366197183,-594
10508,54,nbl,0.6850740740740741,-1.2325925925925927,67.29444444444445,-0.2174410558498708,685,803,0.2777777777777778,-118
23642,131,flierax,0.6848320610687022,0.4589312977099237,70.3145038167939,0.11534289153812156,2017,1774,0.5801526717557252,243
21468,279,hyped,0.6845232974910395,0.3223655913978495,70.05806451612904,0.050620131281925065,4263,3924,0.4336917562724014,339
20083,229,ninjaz,0.6842183406113538,-0.9500000000000001,67.80436681222707,-0.17285276722205128,2891,3324,0.5152838427947598,-433
22192,48,vacancy,0.6839166666666667,-1.3325,66.77291666666666,-0.28733522751222046,591,746,0.3125,-155
23138,71,sasha,0.6839154929577465,-1.6953521126760565,68.16056338028169,-0.23372922200054433,899,1106,0.4788732394366197,-207
9618,250,nexa,0.683904,-0.22596000000000005,68.24719999999999,-0.005957843211384618,3458,3417,0.572,41
11278,46,toao,0.6836086956521739,-1.9571739130434782,67.0391304347826,-0.25391718820250875,601,728,0.30434782608695654,-127
17306,136,degster,0.6835441176470588,0.20117647058823526,70.57058823529412,0.11979497695582465,2076,1782,0.5588235294117647,294
20114,21,shaik,0.6835238095238095,-0.017619047619047583,67.18571428571428,-0.21164096598641663,278,327,0.42857142857142855,-49
20268,108,atarax1a,0.6834722222222221,0.7053703703703704,69.31851851851852,0.02454771015711751,1565,1469,0.4537037037037037,96
18163,207,bibu,0.6834202898550724,-0.49362318840579705,67.92946859903381,-0.0347477991832958,2771,2824,0.4396135265700483,-53
3669,204,innocent,0.6834166666666667,-1.2729901960784313,68.88725490196079,-0.17466892650275054,2614,3073,0.47058823529411764,-459
22965,190,saadzin,0.6831157894736842,0.8654736842105263,70.01,0.11616419732856699,2817,2434,0.5526315789473685,383
20700,159,lattykk,0.6828867924528301,1.2881761006289307,70.37232704402516,0.18236667374202348,2372,1939,0.5849056603773585,433
20258,21,spine,0.6827142857142857,-1.437142857142857,67.32380952380952,-0.2627368737531472,256,314,0.2857142857142857,-58
16954,84,yepz,0.6826428571428571,-0.28190476190476194,66.72857142857143,-0.03956412215787213,1169,1198,0.4642857142857143,-29
21669,36,seb,0.6825555555555556,-1.9680555555555554,66.32222222222222,-0.26646588305199304,457,556,0.25,-99
15818,59,k1-fida,0.6825084745762712,-0.6389830508474577,67.2271186440678,-0.1825602999272618,749,878,0.3728813559322034,-129
24528,44,scorchyy,0.6824545454545454,0.21999999999999995,69.79545454545455,0.039825604224290066,626,580,0.4772727272727273,46
23193,130,vilby,0.6821846153846154,-1.1600000000000001,68.03846153846153,-0.1768522412249861,1697,1939,0.4307692307692308,-242
23764,31,alv,0.6821290322580645,-0.9035483870967741,69.92258064516129,0.019309248856676845,465,425,0.41935483870967744,40
20889,56,7kick,0.6820178571428571,-1.1171428571428572,68.32321428571429,-0.1630252436688552,766,891,0.42857142857142855,-125
2241,135,roman,0.6818740740740741,-1.2322962962962964,67.94888888888889,-0.1280316938646419,1768,1978,0.5333333333333333,-210
10330,194,acor,0.6812113402061856,0.5595876288659793,69.98041237113402,0.07085022303313382,2904,2598,0.5360824742268041,306
21392,90,shady,0.6807777777777777,-0.3476666666666667,69.72111111111111,-0.021909870915031444,1277,1253,0.4777777777777778,24
7440,21,skadoodle,0.6805714285714286,-1.111904761904762,67.74285714285715,-0.19957847501108983,261,302,0.23809523809523808,-41
23600,191,alkaren,0.6805445026178011,1.2335602094240838,69.77068062827226,0.10026457678186938,2816,2507,0.6230366492146597,309
18891,232,cutzmeretz,0.6803577586206896,-1.5150000000000001,68.05172413793103,-0.20720332972995212,2851,3418,0.5043103448275862,-567
20431,33,experative,0.6802727272727274,-1.1424242424242423,68.2,-0.1414220393340595,460,526,0.48484848484848486,-66
23783,192,fineshine52,0.6801510416666666,0.3963541666666666,69.33697916666667,0.03987037636866359,2891,2709,0.4895833333333333,182
21465,28,darber,0.6801428571428572,-0.9142857142857144,67.38571428571429,-0.17794252943693634,385,454,0.35714285714285715,-69
13466,46,dennyslaw,0.6800434782608695,-0.3836956521739131,69.1,-0.041679956930597103,626,640,0.2826086956521739,-14
25100,38,crickeyyy,0.6798421052631579,-2.4171052631578944,66.52105263157895,-0.24668511380471916,466,574,0.3157894736842105,-108
11498,29,nickelback,0.679448275862069,-1.866206896551724,67.75862068965517,-0.3190010333167907,356,490,0.4827586206896552,-134
18317,198,magixx,0.6792323232323232,0.13474747474747475,68.34343434343434,-0.011158574069773318,2526,2561,0.6767676767676768,-35
24149,26,schwarz,0.6790384615384616,-1.6115384615384616,67.23846153846154,-0.2610846332818234,338,423,0.34615384615384615,-85
18671,259,get-jeka,0.6788416988416989,-1.2520849420849423,67.67297297297297,-0.11743394428296546,3501,3861,0.4517374517374517,-360
20066,94,aidkit,0.6786702127659575,0.44999999999999996,70.06595744680851,0.1089106505792621,1439,1242,0.5,197
20939,126,history,0.6786666666666666,0.49142857142857144,70.50238095238095,0.1385840566381149,1899,1629,0.5555555555555556,270
24036,28,zdr,0.6784285714285714,-0.7946428571428571,67.375,-0.16553098177335532,355,380,0.42857142857142855,-25
23588,72,n1cks,0.6781388888888888,-0.04569444444444441,68.23611111111111,0.04599757466388713,1077,999,0.4444444444444444,78
25031,49,rx,0.6780816326530612,-1.975918367346939,67.29183673469389,-0.34285052085993706,619,829,0.20408163265306123,-210
20573,28,andrew,0.6780357142857143,0.3357142857142857,68.43214285714285,0.07320202200728167,394,358,0.5357142857142857,36
20340,43,girafffe,0.6777674418604651,-0.628139534883721,66.23255813953489,-0.18897429568868257,530,629,0.27906976744186046,-99
22475,33,nestee,0.6775454545454546,-0.7660606060606061,66.87575757575758,-0.15083067424571076,458,515,0.24242424242424243,-57
7322,274,apex,0.6768978102189781,-0.8993065693430656,68.79051094890511,-0.1579021719975594,3388,3969,0.6861313868613139,-581
630,219,mutiris,0.6768904109589041,-0.4045205479452055,68.22511415525113,-0.10834936957332951,2842,3135,0.5159817351598174,-293
22674,243,cmtry,0.6767160493827161,0.8924691358024691,69.06995884773663,0.07707159537260481,3551,3257,0.6748971193415638,294
13157,54,jerry,0.6762962962962964,-2.2185185185185183,67.35740740740741,-0.23881074132435293,659,817,0.42592592592592593,-158
13749,148,queenix,0.6760270270270271,-0.6754729729729729,67.23175675675675,-0.1266001111769677,2009,2203,0.43243243243243246,-194
14390,239,wood7,0.6759790794979079,-0.0682008368200837,69.38242677824269,0.014018245249577645,3215,3141,0.5146443514644351,74
20018,129,fr3nd,0.6759767441860465,0.4312403100775194,69.47131782945736,0.06284319962009764,1960,1782,0.43410852713178294,178
22908,22,wonderzce,0.6759545454545455,-1.0772727272727272,66.64090909090909,-0.17050634819174523,290,332,0.5,-42
11872,34,gabs,0.6759411764705883,-1.4561764705882352,66.52058823529411,-0.266470424921744,396,490,0.35294117647058826,-94
23094,105,renanzin,0.6757238095238095,-0.7262857142857142,67.92,-0.09725087741166732,1412,1537,0.45714285714285713,-125
13018,28,thomas,0.6757142857142858,-0.6892857142857143,68.11785714285715,-0.11866307955183716,343,370,0.6071428571428571,-27
19107,72,s3nsey,0.6755138888888889,-0.58,68.99583333333334,-0.04759211257220385,1064,1063,0.4444444444444444,1
20430,202,alpha,0.6753564356435643,-1.507029702970297,68.01534653465346,-0.15741538234159247,2678,3086,0.5346534653465347,-408
17585,163,b4rtin,0.6750490797546013,-0.288159509202454,67.43067484662578,-0.06399631204053974,2154,2222,0.558282208588957,-68
24646,51,ddoni,0.6748627450980392,-1.7472549019607844,65.50588235294119,-0.30322032415330724,601,744,0.35294117647058826,-143
25088,41,sink,0.6748048780487805,0.21317073170731707,68.38292682926829,-0.02059785067167004,608,603,0.34146341463414637,5
22415,52,accuracytg,0.6744807692307693,0.11153846153846156,68.45,-0.013753656302262829,704,712,0.6153846153846154,-8
20245,294,samey,0.674312925170068,0.6819387755102041,69.0874149659864,0.06195237248213192,4287,3981,0.6258503401360545,306
23100,80,c4llm3su3,0.6742874999999999,-1.004625,66.79375,-0.1291705087435463,1048,1162,0.4875,-114
16820,229,siuhy,0.673877729257642,-1.0257205240174672,67.1117903930131,-0.18602828553520503,2893,3410,0.5633187772925764,-517
22366,128,nicks,0.6731640625,0.4665625,67.471875,-0.002661575034654506,1665,1663,0.6328125,2
24812,51,jackast,0.672921568627451,-2.7627450980392156,65.84901960784315,-0.33694062259659124,574,760,0.27450980392156865,-186
20336,49,artist,0.6726326530612246,-1.53,67.05510204081632,-0.20953408992099107,606,724,0.30612244897959184,-118
20839,141,fino,0.6726099290780141,-0.06390070921985815,68.85957446808511,0.03316970364758258,2132,1989,0.44680851063829785,143
23415,272,zerrofix,0.6724558823529412,-1.1512499999999999,68.09522058823529,-0.09336979246358543,3748,4032,0.5073529411764706,-284
23763,261,pepo,0.6722452107279693,0.3221455938697318,68.61685823754789,0.028003221962910895,3713,3533,0.5287356321839081,180
13170,157,kwezz,0.6721273885350318,-0.10076433121019111,66.91910828025478,-0.10460271519802632,2004,2171,0.5286624203821656,-167
24190,50,youka,0.67184,0.20779999999999998,67.844,0.05957998645063411,763,691,0.38,72
22048,238,tapewaare,0.6717394957983193,-1.2231932773109244,66.59831932773109,-0.20911264704309065,3071,3656,0.4327731092436975,-585
17450,73,sense,0.6712328767123288,-1.342876712328767,66.6041095890411,-0.20447182613502493,942,1118,0.4657534246575342,-176
22371,93,levi,0.6712150537634409,0.4769892473118279,68.4268817204301,-0.0016883522290216844,1330,1274,0.5806451612903226,56
20534,247,kiro,0.6711497975708502,0.30595141700404854,67.61174089068825,0.01620377059474534,3508,3346,0.5303643724696356,162
21099,170,bsd,0.6711411764705882,0.7798235294117648,68.6629411764706,0.06597759658451845,2450,2240,0.5235294117647059,210
24818,175,k4nfuz,0.6711142857142858,-0.5641142857142857,66.256,-0.12183722549027848,2379,2610,0.4114285714285714,-231
24952,37,to0ro,0.671081081081081,-0.9445945945945945,66.35405405405405,-0.12314040055864826,490,516,0.5135135135135135,-26
19677,290,kyxsan,0.6710793103448276,-0.4645172413793103,66.69586206896551,-0.14417174110149608,3673,4180,0.5758620689655173,-507
21164,155,l00m1,0.6710322580645162,0.24735483870967748,68.02967741935484,0.017012094022917052,2122,2031,0.5032258064516129,91
25460,29,nopzy,0.6709310344827586,-1.0993103448275863,67.17586206896551,-0.1594983863417225,378,407,0.6551724137931034,-29
22945,57,tr0uble,0.6708771929824562,-0.5433333333333333,66.63157894736842,-0.09367665967823033,801,810,0.3333333333333333,-9
13669,149,jackinho,0.6707785234899328,-0.6215436241610738,67.27785234899329,-0.08780088402408107,2027,2148,0.44966442953020136,-121
17219,30,keiz,0.6697666666666666,0.749,66.67,0.11326382228328669,445,381,0.43333333333333335,64
21500,144,arrow,0.6696666666666666,-0.5813194444444445,65.0375,-0.14218249812262457,1853,2080,0.4375,-227
8983,172,mightymax,0.6694534883720931,-1.4018604651162792,65.43953488372094,-0.23998257451425523,2117,2625,0.4883720930232558,-508
24607,60,swetsi,0.6693333333333332,-0.0725,67.50500000000001,-0.054241729742170404,871,867,0.4166666666666667,4
20033,41,maze,0.6689756097560976,-2.0926829268292684,68.05609756097562,-0.09787435524783485,581,635,0.34146341463414637,-54
21756,38,kat,0.6689473684210526,-1.8849999999999998,68.01052631578948,-0.23290302809802732,448,538,0.4473684210526316,-90
16661,147,mithputtini,0.6686598639455783,1.0458503401360544,68.64285714285714,0.10641999804250021,2249,1967,0.47619047619047616,282
19310,266,lnz,0.668218045112782,-0.8130827067669173,66.22744360902256,-0.1481889982580181,3406,3900,0.5601503759398496,-494
9217,37,taco,0.6681891891891891,0.039999999999999966,68.37027027027027,-0.05115977901415994,458,484,0.6486486486486487,-26
24045,23,h0nest,0.6681739130434783,-2.5808695652173914,66.77826086956522,-0.3123140466350124,295,377,0.34782608695652173,-82
3347,58,seized,0.668,0.035689655172413785,66.7448275862069,-0.10444604345454697,770,862,0.5517241379310345,-92
10938,33,kir,0.668,-1.6109090909090908,64.96060606060605,-0.274604393654218,411,525,0.3333333333333333,-114
24917,67,modesavage,0.667865671641791,-0.028656716417910455,68.43880597014925,0.016815373631841005,976,944,0.5223880597014925,32
13718,57,birdfromsky,0.6671228070175439,-1.2714035087719298,65.8438596491228,-0.261140225202005,638,822,0.45614035087719296,-184
25334,51,kurosse,0.6664705882352941,-1.8641176470588234,66.91372549019607,-0.20143397329655713,664,784,0.5098039215686274,-120
20199,220,sol,0.6663136363636364,-1.9548636363636362,65.66,-0.24576298105016034,2761,3409,0.41363636363636364,-648
21638,55,leleo,0.6661818181818182,-1.1812727272727273,66.35636363636364,-0.19342401299470527,648,766,0.38181818181818183,-118
13281,27,el1an,0.6661111111111111,-0.3333333333333332,66.35925925925926,-0.03524792181868787,345,343,0.4074074074074074,2
10506,65,tutehen,0.6658153846153846,-1.6356923076923078,64.82307692307693,-0.2589830316853872,754,944,0.3230769230769231,-190
24930,65,vzn,0.6658153846153846,-2.0406153846153843,66.00461538461539,-0.30691723905590507,775,982,0.38461538461538464,-207
10499,65,jony-boy,0.6656461538461539,-0.8838461538461538,66.45384615384616,-0.11601044254833189,867,925,0.3230769230769231,-58
18676,176,skullz,0.6656306818181817,-1.0968181818181817,66.04204545454546,-0.07821292013845758,2294,2440,0.5170454545454546,-146
24091,92,dott1,0.6653043478260869,-1.481304347826087,66.87173913043478,-0.1437099779029236,1200,1338,0.40217391304347827,-138
21113,198,modo,0.664989898989899,1.1476262626262625,68.41414141414141,0.11615828762150311,2998,2616,0.5303030303030303,382
12758,38,ana,0.6649473684210526,0.08631578947368423,68.59473684210526,0.07951709215394802,526,467,0.4473684210526316,59
18835,183,saffee,0.664863387978142,0.28912568306010933,67.8295081967213,0.03194482889289403,2580,2385,0.4918032786885246,195
21323,25,risk,0.66476,-0.1736,65.06,-0.16655186932476937,334,376,0.24,-42
22957,95,stax,0.6643789473684211,-2.293157894736842,65.71578947368421,-0.3444306285704066,1156,1578,0.35789473684210527,-422
20577,55,bruninho,0.6643454545454546,-1.7372727272727273,66.13454545454546,-0.13091383891211864,747,815,0.41818181818181815,-68
22779,45,jz,0.6638666666666666,-0.4802222222222223,65.13333333333334,-0.16285976029847976,555,637,0.4222222222222222,-82
18549,139,laser,0.6638201438848921,-1.2992805755395682,66.45035971223022,-0.14715408044243178,1770,2017,0.4460431654676259,-247
25390,45,kiryasoo,0.6636,-0.29977777777777775,68.71111111111111,-0.013946619863303613,687,665,0.4888888888888889,22
23997,45,jhones-macarones,0.6629555555555555,-1.8935555555555554,65.19333333333333,-0.2539642840130913,568,687,0.17777777777777778,-119
18736,37,pz,0.6628108108108108,-0.08864864864864869,66.66486486486487,-0.11867357872290944,486,525,0.32432432432432434,-39
22654,21,raw1,0.6626190476190476,-1.3885714285714286,67.04761904761905,-0.2317023702189617,287,360,0.42857142857142855,-73
24223,46,markz,0.6619565217391304,-0.008913043478260892,67.67608695652174,0.04124681245958271,695,646,0.3695652173913043,49
13670,247,nawwk,0.6617773279352227,0.9929959514170041,67.94412955465587,0.17400635821188373,3717,3051,0.4979757085020243,666
5796,41,tizian,0.661609756097561,-1.7843902439024388,64.16341463414633,-0.27403240533843637,482,611,0.4634146341463415,-129
19957,76,bart4k,0.6613684210526316,-1.8144736842105265,65.50921052631578,-0.19442182000275987,962,1132,0.4473684210526316,-170
12781,71,k1to,0.6612112676056338,-2.457887323943662,66.1281690140845,-0.32021071989723426,922,1204,0.4225352112676056,-282
23550,108,divine,0.6610648148148148,0.10194444444444446,67.22407407407407,0.055195705401567326,1494,1375,0.46296296296296297,119
24326,27,topo,0.661,0.3537037037037038,66.91481481481482,0.04996638978871496,388,355,0.4444444444444444,33
695,35,allu,0.661,-0.4848571428571428,66.97428571428571,-0.05985970681670846,504,521,0.22857142857142856,-17
18875,192,ricioli,0.660578125,-1.3145312500000002,65.76041666666667,-0.22341689573942428,2386,2944,0.4583333333333333,-558
21717,166,t3ns1on,0.6605120481927711,0.07379518072289157,66.78072289156627,0.0519964500417569,2345,2166,0.46987951807228917,179
20463,51,ddias,0.6604313725490196,-1.6423529411764708,65.04901960784314,-0.36858198854046953,567,794,0.47058823529411764,-227
922,207,snappi,0.6603623188405797,-2.0243961352657007,65.868115942029,-0.24563237236089375,2462,3100,0.4782608695652174,-638
10569,21,devoduvek,0.6603333333333333,-3.177619047619048,64.44761904761906,-0.3507581534047074,243,345,0.5238095238095238,-102
9214,29,spamzzy,0.6602068965517242,-1.9182758620689655,67.24137931034483,-0.17834478084345473,343,398,0.5172413793103449,-55
8507,162,stanislaw,0.6597962962962963,-1.0276543209876543,65.22098765432098,-0.1721386156685676,1979,2300,0.5370370370370371,-321
14094,32,renatoohaxx,0.65965625,-1.59375,66.459375,-0.30622651193974904,376,496,0.5,-120
22559,33,jotag3,0.6593939393939393,-2.4936363636363637,65.89090909090909,-0.36510142128548484,380,504,0.30303030303030304,-124
14273,195,idisbalance,0.659251282051282,0.384974358974359,68.10102564102564,0.08455189352551916,2803,2579,0.517948717948718,224
20482,45,kursy,0.6592444444444444,-0.3606666666666667,67.75111111111111,0.06737391934366437,660,606,0.5555555555555556,54
19602,24,refuzr,0.6589999999999999,-3.4883333333333333,64.2375,-0.3665357320045833,276,381,0.125,-105
16685,25,fiend,0.65892,-1.3019999999999998,65.64,-0.1403296450608612,328,375,0.44,-47
5351,477,avn,0.6583920335429769,-1.0812578616352202,65.13354297693921,-0.11443486981245268,6223,6962,0.5157232704402516,-739
22964,115,stormzyn,0.6574434782608695,-1.5777391304347825,64.92521739130434,-0.31077116110612474,1356,1753,0.3652173913043478,-397
20133,124,svedjehed,0.6567580645161291,-1.4524193548387097,64.44032258064516,-0.1645079668522955,1540,1793,0.47580645161290325,-253
19786,122,depreshn,0.6559508196721311,0.4917213114754098,67.29180327868853,0.05885795259499522,1763,1644,0.5,119
24906,89,dune,0.6557078651685393,-2.081123595505618,63.59662921348315,-0.2582624544477458,1067,1340,0.38202247191011235,-273
7266,113,syrson,0.6556637168141594,-0.10168141592920354,67.16725663716814,0.030183538520355886,1656,1570,0.49557522123893805,86
23643,325,esenthial,0.6556123076923077,-0.3259384615384615,65.69846153846154,-0.08679152832477519,4340,4622,0.6030769230769231,-282
24833,22,ayteel,0.6554545454545454,-2.630909090909091,64.16363636363636,-0.2961945167983961,260,337,0.36363636363636365,-77
21142,337,masked,0.6553709198813057,-1.1165281899109791,65.35044510385757,-0.23975750258138315,4125,5137,0.44807121661721067,-1012
13568,55,ajtt,0.6553636363636364,-1.1392727272727274,64.86363636363636,-0.19170021801628745,693,830,0.4727272727272727,-137
11219,370,cerq,0.6552864864864865,0.022000000000000002,66.94648648648649,0.0573892717741367,5244,4821,0.5621621621621622,423
10818,72,idk,0.6550972222222222,-1.3886111111111112,65.475,-0.2094903058689601,825,993,0.5138888888888888,-168
15071,118,interz,0.6544576271186441,-0.7992372881355932,65.84237288135593,0.013795103336232538,1501,1474,0.6101694915254238,27
20434,54,bledard,0.6543703703703704,0.2811111111111111,67.88888888888889,-0.002711933945155696,822,805,0.35185185185185186,17
23469,51,woozzzi,0.6540196078431372,-0.5682352941176471,65.95294117647059,-0.0069957552985259255,763,754,0.35294117647058826,9
8212,124,scrunk,0.6536048387096774,-2.140241935483871,64.56209677419355,-0.3626157534621586,1384,1961,0.45161290322580644,-577
23159,41,taben,0.6530975609756098,-0.6339024390243903,66.29512195121951,-0.15214901698825475,496,552,0.36585365853658536,-56
17437,42,louie,0.6529761904761905,-2.725714285714286,64.4,-0.2661899155599189,543,691,0.4523809523809524,-148
23695,28,nyyx,0.6526785714285713,-2.5153571428571424,65.24642857142858,-0.2517946765462611,369,451,0.5,-82
7412,190,gla1ve,0.6525631578947368,-1.2247894736842107,64.43263157894737,-0.17968830886050705,2321,2711,0.48947368421052634,-390
17287,22,goddess,0.6515,-1.9795454545454545,64.55909090909091,-0.29188593740995517,282,361,0.2727272727272727,-79
21439,193,icy,0.6514352331606218,0.7947668393782382,66.11554404145078,0.15348195522807934,2899,2412,0.5077720207253886,487
23843,43,whsup,0.6513023255813953,-1.9988372093023257,64.33255813953488,-0.29504934465593347,524,685,0.32558139534883723,-161
22839,34,lulitenz,0.6507058823529411,-2.3491176470588235,63.07647058823529,-0.2456784496570366,375,454,0.35294117647058826,-79
11815,32,anarkez,0.6499375,-0.5925,66.921875,0.1174355501288959,528,458,0.5,70
21065,44,malkiss,0.6498409090909091,0.13500000000000004,66.65681818181818,0.06334282865462688,617,577,0.5,40
22422,22,zock9,0.6496363636363637,-0.1863636363636364,65.17272727272727,-0.06459152985837015,306,305,0.36363636363636365,1
2553,202,snax,0.6494257425742574,-1.0892079207920793,64.84306930693069,-0.221397055504904,2407,2900,0.5742574257425742,-493
20281,40,darchevile,0.6487999999999999,-2.6087499999999997,65.5575,-0.28336034182694625,476,629,0.45,-153
2476,84,emi,0.6487380952380952,-1.6501190476190475,64.29047619047618,-0.2794782937618668,1022,1276,0.40476190476190477,-254
24892,23,sathsea,0.6479130434782608,-0.06260869565217385,64.79130434782608,-0.15106804846072847,310,337,0.4782608695652174,-27
23680,44,1nhuman,0.6478863636363636,-2.105681818181818,62.47727272727273,-0.3004374477580852,537,665,0.3181818181818182,-128
2544,118,remix,0.6474745762711864,-0.01974576271186444,67.44406779661017,0.05384639313453849,1698,1576,0.4661016949152542,122
24168,131,onic,0.6469465648854962,-0.9258015267175571,63.29083969465649,-0.19787629890328154,1651,2001,0.5801526717557252,-350
20054,85,rafaxf,0.6468941176470588,-0.718,65.70235294117647,-0.1272796017498814,1160,1243,0.4,-83
21379,200,salazar,0.64657,-0.20725000000000002,64.946,-0.032825041125806066,2713,2719,0.395,-6
22722,23,yoom,0.646,-4.0547826086956515,60.39565217391304,-0.4833383658511671,239,349,0.0,-110
25254,24,ay0k,0.646,-0.7629166666666668,65.75416666666666,-0.06198550232459978,345,364,0.375,-19
12875,21,danger,0.6448571428571428,-2.012380952380952,63.0,-0.13387508412462037,237,268,0.38095238095238093,-31
16415,20,supra,0.6441,-0.9974999999999999,65.41499999999999,-0.15714466325780085,254,296,0.65,-42
24543,38,masi,0.644,-2.4844736842105264,63.126315789473686,-0.4243128690700115,429,636,0.3157894736842105,-207
17316,237,vert,0.6438945147679326,-1.678143459915612,64.33755274261604,-0.2005424401610487,3001,3611,0.4978902953586498,-610
12877,55,chelleos,0.6430181818181818,-1.053090909090909,65.59272727272727,-0.10343090010305944,670,722,0.41818181818181815,-52
22179,27,veccil,0.6416296296296295,-1.5977777777777777,62.81481481481482,-0.2460094184765832,335,401,0.4444444444444444,-66
2161,277,noktse,0.6415162454873646,-0.4738989169675091,64.91407942238267,-0.13833606805502727,3503,3990,0.5667870036101083,-487
21988,24,opdust,0.6414583333333334,-0.8954166666666667,61.92083333333334,-0.24572218560320147,311,380,0.375,-69
20248,27,gnffe,0.6406296296296297,-2.291111111111111,63.07037037037038,-0.309619493874915,350,444,0.3333333333333333,-94
22569,20,ritz,0.64055,-2.7785,61.86,-0.2828026998059161,224,294,0.25,-70
1206,411,btn,0.6403990267639903,-2.3772019464720193,64.18832116788322,-0.3035163474675398,4911,6539,0.4282238442822384,-1628
3820,23,tobiz,0.6398260869565218,-2.3765217391304345,62.77391304347826,-0.24152426950697387,271,349,0.391304347826087,-78
11139,101,alistair,0.6397524752475247,0.654950495049505,65.4970297029703,-0.010851460952548403,1390,1373,0.5445544554455446,17
24137,23,licale,0.6397391304347826,-2.7973913043478262,62.65217391304348,-0.3243219252989016,289,399,0.34782608695652173,-110
4829,25,mynio,0.6396799999999999,-3.0968,63.711999999999996,-0.3712420376260334,268,380,0.52,-112
23614,57,bambosh,0.6395263157894737,-1.4635087719298245,63.205263157894734,-0.22823298245684112,698,846,0.3508771929824561,-148
23637,20,b1st,0.63945,1.5015,65.74,0.0023546404006660913,269,258,0.5,11
429,284,karrigan,0.6394014084507043,-1.7046830985915493,63.57288732394367,-0.2711491765917078,3479,4489,0.5387323943661971,-1010
16341,28,gabi,0.6393928571428571,-1.9121428571428571,63.232142857142854,-0.23981639026787666,314,386,0.32142857142857145,-72
24393,46,raven,0.638695652173913,-2.592608695652174,63.04565217391304,-0.3674609331817794,543,731,0.2608695652173913,-188
10096,145,hooxi,0.6384827586206896,-1.409310344827586,62.88275862068966,-0.2478755124247433,1775,2251,0.5448275862068965,-476
19083,41,owensinhom,0.6384390243902439,-1.1563414634146343,64.59756097560975,-0.12431125732093842,505,553,0.4634146341463415,-48
10557,55,land1n,0.6377636363636363,-0.5716363636363636,66.13636363636364,-0.02272977202972985,726,725,0.4909090909090909,1
23274,46,lugsen,0.6375652173913043,-0.14847826086956517,64.19347826086957,-0.01416364511943369,598,598,0.43478260869565216,0
8950,86,kaze,0.6369069767441861,-0.04732558139534882,63.83953488372093,-0.014027731372833455,1093,1058,0.45348837209302323,35
2023,269,fallen,0.6368736059479554,-0.6359479553903346,63.69405204460967,-0.08580193686157658,3561,3776,0.5613382899628253,-215
20029,118,card,0.6364745762711864,0.016186440677966103,64.94406779661017,0.01731897981382694,1595,1533,0.4661016949152542,62
11283,47,ottond,0.6360638297872341,-2.0380851063829786,64.06170212765957,-0.18206353827064967,614,694,0.23404255319148937,-80
15778,76,sener1,0.6356842105263157,-1.934736842105263,62.36842105263158,-0.3061261128135032,882,1160,0.3815789473684211,-278
20974,82,duggy,0.6354268292682926,-1.6590243902439024,63.86585365853659,-0.15521984554274587,1034,1171,0.4268292682926829,-137
24544,43,xydoo,0.6336046511627907,-0.8053488372093024,64.63255813953488,-0.062149272698947024,605,621,0.3023255813953488,-16
24292,35,f0r3ver,0.6333428571428572,-2.9774285714285713,63.02285714285715,-0.32668759726484203,437,569,0.2857142857142857,-132
25108,38,lkz,0.6330263157894737,-1.6960526315789475,62.54210526315789,-0.152765878946051,467,542,0.2631578947368421,-75
11110,121,golden,0.632404958677686,-1.7063636363636363,62.86694214876033,-0.23282654788705498,1492,1832,0.371900826446281,-340
150,279,maj3r,0.6319892473118279,-1.10168458781362,63.08243727598566,-0.1916170222603131,3391,4079,0.5663082437275986,-688
21930,26,millert,0.6314615384615384,-0.8607692307692308,63.46153846153846,-0.09227221839990901,346,368,0.34615384615384615,-22
13250,118,ben1337,0.6313644067796611,-1.3066101694915255,62.244915254237284,-0.2628402969530939,1374,1779,0.5423728813559322,-405
8552,83,attacker,0.6309638554216868,-1.9287951807228916,63.31325301204819,-0.2363594700186474,1055,1287,0.46987951807228917,-232
9816,235,aleksib,0.6307021276595745,-0.865531914893617,62.185957446808516,-0.1958049301326265,2687,3215,0.5872340425531914,-528
24972,202,maquein,0.6303316831683168,0.031237623762376234,65.2128712871287,0.0835849272470502,2975,2677,0.5198019801980198,298
17385,20,dannyg,0.6287499999999999,-0.908,63.410000000000004,-0.05243133877700109,246,253,0.6,-7
24296,59,angelo,0.6285932203389831,0.8961016949152543,64.75762711864407,0.08669491863284585,810,744,0.5084745762711864,66
18743,242,nython,0.6276776859504132,-0.8249173553719008,64.09710743801652,-0.06940044625823519,3158,3342,0.5578512396694215,-184
23636,41,takanashi,0.627609756097561,-1.945609756097561,61.18048780487805,-0.3669495114753709,452,630,0.36585365853658536,-178
24426,59,stesso,0.627186440677966,-1.4533898305084745,61.559322033898304,-0.23073472577150123,722,879,0.288135593220339,-157
12777,41,gejmzilla,0.6271463414634146,-1.8031707317073173,62.890243902439025,-0.26758421409947464,476,632,0.5609756097560976,-156
25105,53,agl,0.6268679245283019,-1.3081132075471698,63.9622641509434,-0.0854411212306307,713,767,0.41509433962264153,-54
8789,21,mir,0.6262857142857142,-1.8509523809523811,62.67619047619048,-0.17178657004295178,232,270,0.47619047619047616,-38
9081,33,s0tf1k,0.625969696969697,-0.8372727272727274,63.46363636363637,-0.0629930211989631,429,457,0.45454545454545453,-28
7716,244,chopper,0.6253893442622951,-1.1612295081967214,62.5172131147541,-0.1912199540562505,2922,3566,0.6680327868852459,-644
11205,170,stadodo,0.6248470588235294,-0.1341764705882353,63.06,-0.026322202647485218,2289,2300,0.4764705882352941,-11
22365,40,farias,0.622875,1.212,63.8925,0.08583438361024007,497,462,0.7,35
24294,28,wallz1k,0.6222857142857142,-1.6407142857142856,63.199999999999996,-0.16611702299956393,361,419,0.4642857142857143,-58
22481,33,chucky,0.6211818181818182,0.5406060606060606,63.515151515151516,0.13852820927699855,480,419,0.48484848484848486,61
8082,20,azr,0.62105,-1.8150000000000002,61.235,-0.32572736276255493,221,312,0.3,-91
24564,44,tsug,0.6208863636363636,-2.4995454545454545,60.76818181818182,-0.28935439293697507,520,675,0.38636363636363635,-155
23360,163,easy,0.620638036809816,-0.16337423312883434,63.88957055214724,-0.035096427104600675,2232,2236,0.5030674846625767,-4
19725,49,gxx,0.6205918367346939,-0.5340816326530613,63.28163265306123,-0.112554369647294,640,708,0.40816326530612246,-68
14401,41,emy,0.6198780487804878,-1.4682926829268292,62.70487804878049,-0.28304179101921645,501,635,0.1951219512195122,-134
7964,141,cadian,0.6195035460992907,-1.4087943262411349,63.68297872340425,-0.16618872449052238,1764,2043,0.49645390070921985,-279
11217,154,spellan,0.6193311688311688,-1.8746753246753245,61.305844155844156,-0.2771300672561907,1745,2280,0.525974025974026,-535
23452,31,f1redup,0.6188064516129033,-1.8870967741935483,62.354838709677416,-0.32757647846331495,357,439,0.3548387096774194,-82
21917,36,mxa,0.6183611111111111,-2.096111111111111,62.08888888888888,-0.2550250378442997,452,574,0.4444444444444444,-122
15501,58,b0denmaster,0.6182068965517241,-1.2263793103448275,63.1,-0.10895702719066852,775,827,0.3275862068965517,-52
20519,136,lcm,0.6178529411764706,0.028676470588235307,63.26176470588236,0.0018639424792076327,1779,1731,0.5220588235294118,48
25035,76,lacerda,0.6165263157894737,-1.661315789473684,61.32236842105263,-0.18528093414994506,875,1053,0.4342105263157895,-178
16774,44,gyzer,0.6164090909090909,-3.9622727272727274,58.36136363636364,-0.5205142530037103,400,652,0.22727272727272727,-252
20685,31,choiv7,0.6161612903225806,-2.2348387096774194,61.73548387096774,-0.26751730390601963,337,436,0.45161290322580644,-99
12094,57,1962,0.6151578947368421,-1.5571929824561404,60.3,-0.28961270125564453,652,830,0.40350877192982454,-178
17916,30,solgoat,0.6145999999999999,-3.1743333333333337,60.809999999999995,-0.3893279759667744,382,507,0.3333333333333333,-125
22749,21,anerax,0.613904761904762,-2.689047619047619,60.46666666666666,-0.4636529614919776,223,322,0.23809523809523808,-99
20883,22,eightz999,0.6119090909090908,-0.9036363636363636,60.804545454545455,-0.27052189814559396,250,306,0.22727272727272727,-56
19065,83,shine,0.6096144578313253,-1.293132530120482,60.52168674698795,-0.23850078710825245,921,1167,0.6024096385542169,-246
22874,70,silence,0.6093857142857143,-0.3392857142857143,61.79571428571428,-0.024919376701154385,928,945,0.5,-17
20827,54,linko,0.608,-2.2537037037037035,59.05555555555556,-0.37016100800442336,613,832,0.3148148148148148,-219
21265,20,snx,0.60585,-0.118,58.495000000000005,-0.2814005917522343,224,288,0.45,-64
24330,46,afufu,0.6053478260869565,-2.193695652173913,60.73260869565217,-0.18791907427932694,526,642,0.45652173913043476,-116
25032,50,snow,0.60444,-2.5642,59.413999999999994,-0.351493050230242,558,768,0.2,-210
19975,52,broken,0.6037307692307693,-1.103269230769231,59.767307692307696,-0.20848517901451882,599,727,0.38461538461538464,-128
21643,45,babyrage,0.603,-3.3715555555555556,56.913333333333334,-0.4861295389807505,404,615,0.08888888888888889,-211
25462,27,lasfas,0.6010370370370371,-0.385925925925926,61.31481481481482,-0.05134487894926211,367,369,0.18518518518518517,-2
25106,91,next,0.5983736263736263,-1.9397802197802199,58.6,-0.22551802378678734,1103,1313,0.5164835164835165,-210
24639,30,rw,0.5974333333333333,-3.231666666666667,59.54,-0.3882092141550347,301,438,0.4,-137
21219,34,kaahsensei,0.5963529411764705,-1.4970588235294118,58.86764705882353,-0.26274064423603644,378,453,0.35294117647058826,-75
24726,31,z3nder,0.5944193548387097,-2.846774193548387,57.88709677419355,-0.33905040181237667,356,485,0.16129032258064516,-129
20553,56,relentless,0.5882857142857143,-1.9224999999999999,57.5375,-0.36501397194042845,624,888,0.4642857142857143,-264
18129,30,meztal,0.5797666666666667,-2.326,57.03333333333333,-0.2830613442047106,345,450,0.4,-105
22567,20,mtgg,0.57875,-1.177,56.989999999999995,-0.18140108280779962,239,271,0.35,-32
24178,48,straafer,0.5769583333333334,-3.829166666666667,56.76458333333333,-0.4554465323940217,503,762,0.2916666666666667,-259
23542,23,weaver,0.5724347826086956,-3.28,56.14782608695653,-0.3416341063036392,222,314,0.43478260869565216,-92
24415,44,serendipity,0.5668181818181818,-3.740681818181818,55.44772727272727,-0.44617126101252347,460,700,0.2727272727272727,-240
17539,45,slayerhz,0.5600888888888889,-4.484444444444445,53.70444444444444,-0.611230594251892,372,646,0.08888888888888889,-274
7383,23,zqks,0.5592173913043478,-1.1769565217391305,56.834782608695654,-0.10133953599677152,278,314,0.4782608695652174,-36
8600,24,advent,0.5160416666666666,-3.3433333333333333,50.17083333333333,-0.5600317924449704,213,370,0.375,-157
